0 0.25138906250000004 0.6083328125 0.25 0.5953703124999999 0.22569374999999997 0.5898140625 0.172221875 0.5925921875 0.06388906250000001 0.5851859375 0.047221875 0.5851859375 0.040971875000000005 0.5888890625000001 0.040278125 0.5953703124999999 0.04444375 0.5990734375 0.0986109375 0.6083328125 0.1854171875 0.6129625 0.2486109375 0.6120375 0.25138906250000004 0.6083328125
0 0.22430625 0.6277781250000001 0.06875 0.6129625 0.0361109375 0.6129625 0.024306249999999998 0.621296875 0.028471875 0.6259265625 0.1 0.6296296875 0.14375 0.6361109375 0.20625 0.6407406250000001 0.246528125 0.6379625 0.22430625 0.6277781250000001
0 0 0.7759265625 0.20138906250000002 0.8305562500000001 0.23263906250000002 0.8444437499999999 0.247221875 0.846296875 0.25 0.8416671875 0.24930625 0.825 0.24375 0.8175921875000001 0.225 0.8157406249999999 0.20995312500000002 0.8086421874999999 0.20486093749999998 0.8018515624999999 0.18125 0.7990734374999999 0.17430625 0.7935187499999999 0.1333328125 0.7861109374999999 0.122221875 0.778703125 0.0958328125 0.76944375 0.0041671875 0.7546296875 0 0.7555562499999999 0 0.7759265625
0 0.3826390625 0.8722218749999999 0.3854171875 0.86851875 0.3854171875 0.8611109375 0.3729171875 0.8453703125 0.365971875 0.8453703125 0.35555625 0.8370374999999999 0.30625 0.8305562500000001 0.3020828125 0.8305562500000001 0.2979171875 0.8370374999999999 0.2958328125 0.85555625 0.2986109375 0.8611109375 0.322221875 0.8611109375 0.3298609375 0.8666671875 0.371528125 0.8731484375 0.3826390625 0.8722218749999999
0 0.575 0.8898140625 0.5833328125 0.8842593750000001 0.58194375 0.88055625 0.565971875 0.8759265624999999 0.4548609375 0.871296875 0.4236109375 0.8546296874999999 0.415971875 0.8611109375 0.4166671875 0.8648140625 0.42569375000000004 0.8768515625 0.43958281250000003 0.8861109375 0.53055625 0.8953703125000001 0.575 0.8898140625
0 0.6138890625 0.6574078125 0.609721875 0.653703125 0.584721875 0.65 0.47708281250000006 0.6425921875 0.4625 0.64444375 0.4625 0.653703125 0.46458281250000005 0.6546296875000001 0.4875 0.65555625 0.50625 0.6611109374999999 0.6 0.6638890625 0.6138890625 0.6574078125
0 0.865278125 0.590740625 0.9125 0.590740625 0.9368062500000001 0.5833328125 0.9361109375 0.5796296875 0.9243062500000001 0.5768515625 0.8923609375 0.5759265625000001 0.85555625 0.56944375 0.7986109375 0.56944375 0.78194375 0.5824078125 0.7826390625 0.590740625 0.78819375 0.5925921875 0.8104171875 0.5916671874999999 0.822221875 0.5861109375 0.8423609375 0.59444375 0.865278125 0.590740625
0 0.9984375 0.6990734375 0.9861109375 0.696296875 0.8583328124999999 0.677778125 0.8479171875 0.6796296875000001 0.8465281250000001 0.6851859375 0.8506937499999999 0.6898140625 0.8881937499999999 0.70555625 0.953471875 0.7138890625000001 0.9984375 0.7111109375 0.9984375 0.6990734375
0 0.7770828125 0.6611109374999999 0.7701390625 0.659259375 0.73125 0.6601859375 0.728471875 0.6620375000000001 0.73194375 0.6675921875 0.7548609374999999 0.6731484375 0.777778125 0.671296875 0.78055625 0.6675921875 0.7770828125 0.6611109374999999
0 0.790971875 0.953703125 0.828471875 0.9638890625000001 0.8548609375 0.9657406249999999 0.8881937499999999 0.9796296874999999 0.9243062500000001 0.9833328124999999 0.9423609374999999 0.9694437499999999 0.9583328124999999 0.9657406249999999 0.9645828125 0.9546296875 0.96319375 0.9509265625 0.9548609375 0.9481484375000001 0.9347218749999999 0.9518515624999999 0.9069437499999999 0.9481484375000001 0.884721875 0.95 0.8465281250000001 0.94351875 0.8291671875000001 0.9351859375 0.8055562500000001 0.9324078124999999 0.759028125 0.9185187499999999 0.740278125 0.9185187499999999 0.7236109374999999 0.9138890625 0.70625 0.903703125 0.6951390625 0.9055562500000001 0.69375 0.9111109374999999 0.696528125 0.9166671875000001 0.7159718749999999 0.9259265624999999 0.7520828125000001 0.9296296875 0.765278125 0.94351875 0.790971875 0.953703125
0 0.48680625 0.55648125 0.4888890625 0.565740625 0.50069375 0.5638890625 0.49930624999999995 0.5546296875000001 0.4888890625 0.553703125 0.48680625 0.55648125
0 0.7451390625000001 0.55 0.728471875 0.55 0.72569375 0.5518515625 0.72569375 0.5574078124999999 0.73194375 0.5620375 0.7472218749999999 0.5601859375 0.75 0.55648125 0.7451390625000001 0.55
0 0.6895828125000001 0.5435187499999999 0.6888890625 0.55 0.6930562499999999 0.55555625 0.69930625 0.5546296875000001 0.7048609375 0.5490734374999999 0.69930625 0.540740625 0.6895828125000001 0.5435187499999999
0 0.828471875 0.6611109374999999 0.815971875 0.6583328125000001 0.7770828125 0.6620375000000001 0.7756937500000001 0.6666671875 0.7791671874999999 0.672221875 0.7951390625 0.6759265625 0.8208328125 0.675 0.8305562500000001 0.6666671875 0.828471875 0.6611109374999999
0 0.5291671874999999 0.9907406249999999 0.45069375 0.9546296875 0.43888906250000004 0.9444437499999999 0.4236109375 0.9425921875000001 0.42083281250000004 0.947221875 0.42152812500000003 0.9574078125 0.4326390625 0.9675921875 0.47222187499999996 0.9879625000000001 0.48402812500000003 0.9984375 0.5340281250000001 0.9984375 0.5291671874999999 0.9907406249999999
0 0.4609375 0.6015625 0.459375 0.6125 0.465625 0.621875 0.5546875 0.6171875 0.5640625 0.6234375 0.60625 0.6265625 0.6734375 0.621875 0.7 0.6296875 0.7921875 0.6390625 0.9984375 0.646875 0.9984375 0.63125 0.990625 0.6296875 0.628125 0.609375 0.621875 0.6046875 0.6234375 0.5953125 0.596875 0.5921875 0.5875 0.5921875 0.5625 0.603125 0.540625 0.6046875 0.4671875 0.5984375 0.4609375 0.6015625