0 0.24375 0.5990734375 0.24027812499999998 0.578703125 0.1666671875 0.577778125 0.1583328125 0.5824078125 0.1520828125 0.578703125 0.15555625 0.5833328125 0.15347187499999998 0.5953703124999999 0.1604171875 0.5981484375 0.225 0.60555625 0.2416671875 0.6046296875 0.24375 0.5990734375
0 0.15555625 0.5675921875000001 0.146528125 0.5731484375 0.1479171875 0.5814812500000001 0.15694375 0.5861109375 0.17569375 0.5796296875 0.17430625 0.5703703124999999 0.1708328125 0.5675921875000001 0.15555625 0.5675921875000001
0 0 0.8833328125 0.00625 0.8898140625 0.040971875000000005 0.9055562500000001 0.07569375 0.9111109374999999 0.090278125 0.9046296875 0.0875 0.9 0.06875 0.8898140625 0.0298609375 0.875 0.002778125 0.8731484375 0 0.8740734375000001 0 0.8833328125
0 0.22847187500000002 0.9370375 0.21180625000000003 0.9351859375 0.1916671875 0.9361109375 0.1833328125 0.9407406249999999 0.1833328125 0.95 0.18611093750000002 0.9546296875 0.20069374999999998 0.9601859375 0.2229171875 0.953703125 0.2333328125 0.9425921875000001 0.22847187500000002 0.9370375
0 0.43819375000000005 0.9388890625 0.44305625 0.9324078124999999 0.42083281250000004 0.925 0.3979171875 0.9240734375 0.38819375 0.9185187499999999 0.359028125 0.921296875 0.35694375 0.925 0.359721875 0.9305562500000001 0.38055625000000004 0.9453703125 0.3916671875 0.9481484375000001 0.425 0.9444437499999999 0.43819375000000005 0.9388890625
0 0.49652812500000004 0.6583328125000001 0.46875 0.65648125 0.4513890625 0.65648125 0.4479171875 0.6620375000000001 0.44652812500000005 0.66944375 0.4638890625 0.671296875 0.490278125 0.6703703125 0.5020828125000001 0.6638890625 0.5013890625 0.6601859375 0.49652812500000004 0.6583328125000001
0 0.6513890625000001 0.66944375 0.6270828125000001 0.665740625 0.565971875 0.6629625 0.5625 0.6666671875 0.56319375 0.6740734374999999 0.571528125 0.677778125 0.6326390625 0.6870375 0.65 0.6833328125 0.65625 0.675 0.6513890625000001 0.66944375
0 0.6916671875 0.5953703124999999 0.709721875 0.5990734375 0.7416671874999999 0.5990734375 0.75069375 0.5916671874999999 0.7520828125000001 0.5833328125 0.7486109375 0.5768515625 0.7388890625 0.5759265625000001 0.6388890625 0.5740734375 0.6270828125000001 0.5833328125 0.628471875 0.5916671874999999 0.6375 0.59351875 0.6423609375 0.6046296875 0.65 0.6064812500000001 0.675 0.60555625 0.6916671875 0.5953703124999999
0 0.6541671874999999 0.546296875 0.647221875 0.55555625 0.646528125 0.5629625 0.65555625 0.5675921875000001 0.6736109375 0.565740625 0.6798609375 0.55648125 0.659721875 0.5453703125 0.6541671874999999 0.546296875
0 0.6979171875 0.5490734374999999 0.6930562499999999 0.5518515625 0.69444375 0.5629625 0.7048609375 0.565740625 0.7229171875 0.5638890625 0.73055625 0.55648125 0.728471875 0.5490734374999999 0.6979171875 0.5490734374999999
0 0.790971875 0.5453703125 0.79305625 0.552778125 0.8083328125 0.5490734374999999 0.8083328125 0.54444375 0.803471875 0.5416671875 0.79444375 0.5416671875 0.790971875 0.5453703125
0 0.8576390625 0.9907406249999999 0.7784718749999999 0.9907406249999999 0.7395828125 0.9814812500000001 0.725 0.9703703125 0.7041671875 0.971296875 0.7076390625 0.9870374999999999 0.71875 0.9984375 0.890278125 0.9984375 0.8888890625 0.9916671875 0.8708328125 0.9861109375 0.8576390625 0.9907406249999999
0 0.9166671875000001 0.5666671875 0.9138890625 0.5583328125 0.9041671875 0.559259375 0.9048609375 0.56851875 0.9166671875000001 0.5666671875
0 0.771528125 0.7111109375 0.6701390625 0.69351875 0.6638890625 0.6898140625 0.659721875 0.6925921875000001 0.6590281250000001 0.7009265625000001 0.66319375 0.7046296875 0.7076390625 0.722221875 0.7555562499999999 0.725 0.77430625 0.715740625 0.771528125 0.7111109375
0 0.8854171875000001 0.7388890625 0.88055625 0.7351859375 0.803471875 0.721296875 0.7979171875 0.7240734375 0.7979171875 0.7342593749999999 0.8236109375 0.7481484375 0.86875 0.7518515625 0.884721875 0.7509265625 0.8861109375 0.7472218749999999 0.8854171875000001 0.7388890625
0 0.928471875 0.759259375 0.902778125 0.7472218749999999 0.8895828124999999 0.7444437500000001 0.88680625 0.7481484375 0.88680625 0.759259375 0.8951390625 0.7638890625 0.9236109375 0.7731484375 0.9305562500000001 0.772221875 0.934028125 0.7675921875 0.928471875 0.759259375
0 0.9984375 0.5990734375 0.946528125 0.597221875 0.94375 0.5990734375 0.9444437499999999 0.60555625 0.952778125 0.615740625 0.9736109374999999 0.621296875 0.9984375 0.621296875 0.9984375 0.5990734375
0 0.9796875 0.6453125 0.91875 0.6359375 0.6484375 0.625 0.475 0.6125 0.4734375 0.6109375 0.4546875 0.6125 0.4546875 0.6296875 0.8953125 0.65 0.9796875 0.6453125