0 0.921528125 0.9907406249999999 0.8826390625 0.9601859375 0.8138890625 0.9398140625 0.7979171875 0.927778125 0.78194375 0.927778125 0.7784718749999999 0.9388890625 0.8097218749999999 0.9546296875 0.8229171875000001 0.9574078125 0.8881937499999999 0.9984375 0.927778125 0.9984375 0.921528125 0.9907406249999999
0 0.24444375 0.5833328125 0.2291671875 0.58055625 0.2201390625 0.5870375 0.2208328125 0.5953703124999999 0.22430625 0.597221875 0.23819374999999998 0.6 0.25 0.597221875 0.247221875 0.5851859375 0.24444375 0.5833328125
0 0.2 0.5796296875 0.165971875 0.5796296875 0.1513890625 0.5888890625000001 0.1513890625 0.59351875 0.15555625 0.596296875 0.18888906249999998 0.6 0.20902812499999998 0.5925921875 0.21319375 0.5833328125 0.2 0.5796296875
0 0.25069375 0.6166671874999999 0.22569374999999997 0.6138890625 0.13680625 0.6092593749999999 0.0354171875 0.6092593749999999 0.03194375 0.6148140625 0.0451390625 0.6194437500000001 0.24375 0.6305562499999999 0.2541671875 0.6268515625 0.2541671875 0.6203703125 0.25069375 0.6166671874999999
0 0.2451390625 0.759259375 0.2638890625 0.7611109375 0.265971875 0.7574078125 0.2666671875 0.7481484375 0.26319375 0.7425921875 0.24236093749999998 0.7388890625 0.23194374999999998 0.73055625 0.1375 0.7203703124999999 0.13055624999999998 0.715740625 0.0958328125 0.7101859375 0.07638906250000001 0.7 0.05 0.7018515625 0.04930625 0.7046296875 0.05625 0.7111109375 0.06180624999999999 0.7240734375 0.10069375 0.7351859375 0.1666671875 0.74351875 0.2451390625 0.759259375
0 0.11527812500000001 0.56851875 0.0875 0.56851875 0.0770828125 0.5731484375 0.075 0.5759265625000001 0.07638906250000001 0.58055625 0.090278125 0.584259375 0.13194375 0.5796296875 0.13125 0.575 0.11527812500000001 0.56851875
0 0.3298609375 0.625 0.3291671875 0.634259375 0.33194375 0.6370375 0.3458328125 0.6379625 0.35069374999999997 0.6268515625 0.3416671875 0.621296875 0.3298609375 0.625
0 0.547221875 0.8231484375000001 0.578471875 0.81851875 0.5923609375 0.8296296875 0.61805625 0.8351859375 0.6298609374999999 0.8333328124999999 0.634721875 0.8194437499999999 0.634721875 0.8111109375 0.6305562499999999 0.8074078124999999 0.57569375 0.797221875 0.5611109375 0.790740625 0.43402812500000004 0.7759265625 0.427778125 0.7824078125 0.427778125 0.7990734374999999 0.434721875 0.8055562500000001 0.477328125 0.8063015625000001 0.5138890625 0.8194437499999999 0.5354171875 0.81851875 0.547221875 0.8231484375000001
0 0.3173609375 0.7611109375 0.3145828125 0.7638890625 0.31388906250000004 0.7731484375 0.315971875 0.7759265625 0.340278125 0.775 0.3388890625 0.7638890625 0.3361109375 0.7611109375 0.3173609375 0.7611109375
0 0.4951390625 0.634259375 0.46458281250000005 0.6305562499999999 0.45277812500000003 0.634259375 0.45277812500000003 0.6425921875 0.46944375000000005 0.6453703125 0.5027781250000001 0.6453703125 0.5083328125000001 0.6425921875 0.5076390625 0.6379625 0.4951390625 0.634259375
0 0.6541671874999999 0.6111109375 0.675 0.6111109375 0.6791671874999999 0.6064812500000001 0.6791671874999999 0.602778125 0.67430625 0.6 0.65 0.602778125 0.5916671874999999 0.59444375 0.45416718749999996 0.5916671874999999 0.4513890625 0.5953703124999999 0.45277812500000003 0.6064812500000001 0.4791671875 0.6129625 0.5958328125000001 0.6101859375 0.62430625 0.6194437500000001 0.6541671874999999 0.6111109375
0 0.70159375 0.6573640625 0.7212015625 0.6524609375 0.727328125 0.649396875 0.552778125 0.634259375 0.5330874999999999 0.640203125 0.5281859375 0.64571875 0.53055625 0.64444375 0.54930625 0.6518515625 0.62569375 0.6574078125 0.6951390625 0.659259375 0.70159375 0.6573640625
0 0.7270828125000001 0.5435187499999999 0.7263890625 0.5490734374999999 0.7291671875 0.552778125 0.7361109375 0.553703125 0.7388890625 0.55 0.7354171875 0.5416671875 0.7270828125000001 0.5435187499999999
0 0.6423609375 0.8574078125 0.6333328125000001 0.859259375 0.634028125 0.86851875 0.6423609375 0.8777781250000001 0.6548609375 0.8833328125 0.66319375 0.8768515625 0.6604171875 0.8703703125000001 0.6423609375 0.8574078125
0 0.7840281250000001 0.9268515624999999 0.7666671875 0.915740625 0.7083328125 0.8990734375 0.70625 0.903703125 0.7125 0.9175921875 0.734028125 0.93148125 0.76319375 0.9398140625 0.78819375 0.9388890625 0.7840281250000001 0.9268515624999999
0 0.9555562500000001 0.8833328125 0.9666671875 0.8888890625 0.9984375 0.8898140625 0.9984375 0.8666671875 0.9451390625 0.8638890625 0.8888890625 0.847221875 0.8097218749999999 0.8333328124999999 0.76805625 0.8305562500000001 0.7673609375 0.8351859375 0.7756937500000001 0.84351875 0.8041671875 0.85 0.853471875 0.853703125 0.902778125 0.8731484375 0.9555562500000001 0.8833328125
0 0.9125 0.572221875 0.8645828124999999 0.5731484375 0.86319375 0.5796296875 0.865278125 0.5833328125 0.8763890625 0.5870375 0.9055562500000001 0.5833328125 0.915971875 0.5759265625000001 0.9125 0.572221875
0 0.9513890625 0.5666671875 0.9458328125 0.5666671875 0.940971875 0.571296875 0.9395828125 0.58055625 0.9458328125 0.5851859375 0.978471875 0.58055625 0.984028125 0.572221875 0.98125 0.56851875 0.9513890625 0.5666671875
0 0.76875 0.6481484375 0.73125 0.6490734375 0.73055625 0.653703125 0.7423609375 0.6583328125000001 0.775 0.6611109374999999 0.7840281250000001 0.6583328125000001 0.7833328125000001 0.653703125 0.76875 0.6481484375
0 0.871528125 0.546296875 0.85555625 0.5481484375 0.8548609375 0.553703125 0.8576390625 0.5574078124999999 0.8729171875 0.5574078124999999 0.88125 0.553703125 0.88055625 0.5490734374999999 0.871528125 0.546296875
0 0.9638890625000001 0.625 0.9638890625000001 0.6333328125000001 0.9673609375 0.6370375 0.9984375 0.6407406250000001 0.9984375 0.6175921875 0.9701390625 0.6166671874999999 0.9638890625000001 0.625
0 0.875 0.6265625 0.9328125 0.61875 0.93125 0.6140625 0.921875 0.6125 0.8 0.6109375 0.71875 0.6 0.7046875 0.6 0.6984375 0.60625 0.7 0.615625 0.71875 0.621875 0.875 0.6265625