0 0.9173609375 0.9984375 0.959721875 0.9984375 0.9583328124999999 0.99444375 0.890278125 0.952778125 0.82430625 0.9342593750000001 0.803471875 0.9185187499999999 0.76875 0.9083328125 0.759028125 0.9092593750000001 0.73055625 0.8953703125000001 0.7215281250000001 0.896296875 0.722221875 0.902778125 0.7361109375 0.9185187499999999 0.759721875 0.93148125 0.86319375 0.9629625 0.89444375 0.98055625 0.9173609375 0.9984375
0 0.677778125 0.86851875 0.6583328125000001 0.8611109375 0.65625 0.8759265624999999 0.6604171875 0.88055625 0.6736109375 0.8851859375 0.684028125 0.88055625 0.6833328125 0.8740734375000001 0.677778125 0.86851875
0 0.975 0.6351859375 0.9984375 0.6407406250000001 0.9984375 0.6175921875 0.984721875 0.6166671874999999 0.9756937499999999 0.6231484375 0.975 0.6351859375
0 0.952778125 0.6203703125 0.9604171875 0.6148140625 0.8923609375 0.6092593749999999 0.8118062500000001 0.6092593749999999 0.7208328125000001 0.5990734375 0.7111109375 0.60555625 0.7111109375 0.6129625 0.7208328125000001 0.6203703125 0.7561234375 0.621296875 0.775 0.6259265625 0.9076390625 0.6259265625 0.952778125 0.6203703125
0 0.915971875 0.65555625 0.815971875 0.6546296875000001 0.8145828125 0.6574078125 0.8173609374999999 0.6611109374999999 0.8409718749999999 0.665740625 0.9243062500000001 0.6620375000000001 0.9243062500000001 0.6583328125000001 0.915971875 0.65555625
0 0.91875 0.572221875 0.8729171875 0.572221875 0.86944375 0.575 0.8701390625000001 0.5833328125 0.8791671875 0.5870375 0.9034718749999999 0.5851859375 0.9166671875000001 0.5814812500000001 0.921528125 0.5759265625000001 0.91875 0.572221875
0 0.6798609375 0.6009265625 0.6479171874999999 0.6009265625 0.615278125 0.59444375 0.603471875 0.5990734375 0.6048609375 0.6092593749999999 0.628471875 0.61851875 0.675 0.6120375 0.6833328125 0.6064812500000001 0.6833328125 0.602778125 0.6798609375 0.6009265625
0 0.684028125 0.5546296875000001 0.677778125 0.5583328125 0.6770828125 0.5638890625 0.6798609375 0.5666671875 0.7048609375 0.5648140625 0.70625 0.5601859375 0.70069375 0.5546296875000001 0.684028125 0.5546296875000001
0 0.8988437499999999 0.8703703125000001 0.9120375 0.875 0.9946765624999999 0.8833328125 0.9946765624999999 0.859259375 0.9891203125000001 0.8574078125 0.9037046875 0.8490734375000001 0.8835656249999999 0.8425921875 0.7932875 0.8296296875 0.77523125 0.8305562500000001 0.7759265625 0.8370374999999999 0.7828703124999999 0.8407406249999999 0.8168984375000001 0.85 0.8668984375000001 0.853703125 0.8821765625 0.8583328124999999 0.8988437499999999 0.8703703125000001
0 0.2638890625 0.7583328125000001 0.2673609375 0.7490734375 0.2604171875 0.7379625 0.23680625000000002 0.727778125 0.165278125 0.7203703124999999 0.08680625 0.7 0.059028125 0.7009265625000001 0.0583328125 0.7083328125 0.06944375 0.715740625 0.07291718750000001 0.722221875 0.09375 0.728703125 0.2583328125 0.7583328125000001 0.2638890625 0.7583328125000001
0 0.3298609375 0.625 0.3298609375 0.6361109375 0.3416671875 0.6361109375 0.3520828125 0.63148125 0.353471875 0.6277781250000001 0.3513890625 0.625 0.3298609375 0.625
0 0.197221875 0.578703125 0.16944375 0.5796296875 0.15625 0.5888890625000001 0.15625 0.59351875 0.16180624999999998 0.596296875 0.1951390625 0.6 0.21111093749999998 0.5953703124999999 0.2138890625 0.5833328125 0.197221875 0.578703125
0 0.24444375 0.5814812500000001 0.23194374999999998 0.5824078125 0.2270828125 0.5870375 0.22638906250000002 0.59444375 0.2291671875 0.597221875 0.246528125 0.5981484375 0.24930625 0.5953703124999999 0.2479171875 0.5851859375 0.24444375 0.5814812500000001
0 0.3229171875 0.7555562499999999 0.3166671875 0.759259375 0.31527812499999996 0.7685187499999999 0.3173609375 0.771296875 0.3326390625 0.7768515625 0.3375 0.775 0.3354171875 0.7601859375 0.3229171875 0.7555562499999999
0 0.0986109375 0.5675921875000001 0.08125 0.575 0.0826390625 0.5824078125 0.09652812499999999 0.5851859375 0.140278125 0.5796296875 0.134028125 0.571296875 0.12152812500000001 0.56851875 0.0986109375 0.5675921875000001
0 0 0.59444375 0.022221875 0.59444375 0.027082812499999998 0.5898140625 0.026389062499999998 0.5833328125 0.0208328125 0.5796296875 0.0041671875 0.578703125 0 0.578703125 0 0.59444375
0 0.586871875 0.6074937499999999 0.5917328125 0.6019390625 0.59034375 0.59360625 0.5861765625 0.5926796875 0.5292328125 0.5889765625 0.46395468749999996 0.5889765625 0.45006562499999997 0.59360625 0.45145468749999995 0.6047171875 0.46534375 0.6010125000000001 0.48409375 0.6093468750000001 0.5146499999999999 0.6056421875 0.5792328125 0.6093468750000001 0.586871875 0.6074937499999999
0 0.5484375 0.65 0.6609375 0.6578125 0.78125 0.6546875 0.778125 0.65 0.7265625 0.65 0.684375 0.6421875 0.4921875 0.6328125 0.4828125 0.6328125 0.4546875 0.6328125 0.4515625 0.6421875 0.5390625 0.6453125 0.5484375 0.65
0 0.2515625 0.6265625 0.25 0.6171875 0.2359375 0.6140625 0.1 0.6109375 0.0984375 0.609375 0.08125 0.6109375 0.0765625 0.6171875 0.23125 0.6296875 0.2515625 0.6265625
0 0.471875 0.80625 0.4984375 0.8046875 0.51875 0.815625 0.5578125 0.821875 0.584375 0.815625 0.61875 0.83125 0.646875 0.828125 0.6484375 0.809375 0.64375 0.803125 0.59375 0.7984375 0.5625 0.7828125 0.5 0.784375 0.44375 0.775 0.43515625 0.775 0.4265625 0.775 0.425 0.7796875 0.446875 0.8015625 0.471875 0.80625
0 0.984375 0.58125 0.9890625 0.5765625 0.984375 0.5671875 0.976171875 0.5671875 0.9515625 0.5671875 0.95 0.5796875 0.9578125 0.584375 0.984375 0.58125