0 0.5173611109375 0.8018518515625 0.5125 0.8055555562500001 0.5097222218749999 0.8018518515625 0.4895833328125 0.8009259265625 0.47222222187499996 0.79351851875 0.43194444374999996 0.7870370375 0.428472221875 0.7953703703125 0.427777778125 0.8120370375 0.434722221875 0.8175925921875 0.5125 0.827777778125 0.522222221875 0.8268518515625001 0.52569444375 0.8222222218749999 0.5173611109375 0.8018518515625
0 0.06527777812499999 0.727777778125 0.06527777812499999 0.7148148140624999 0.05625 0.703703703125 0.04305555625 0.6981481484375001 0.015972221875 0.7 0.014583332812499999 0.7046296296875 0.01875 0.7120370375 0.0298611109375 0.7231481484375 0.05625 0.73148148125 0.0638888890625 0.73148148125 0.06527777812499999 0.727777778125
0 0.25555555625 0.61944444375 0.2513888890625 0.6166666671875001 0.22916666718749998 0.6175925921875 0.19375 0.6129629624999999 0.06875 0.609259259375 0.05208333281250001 0.6120370375 0.05208333281250001 0.61851851875 0.10694444375 0.6231481484375 0.228472221875 0.63055555625 0.2486111109375 0.6296296296875 0.25555555625 0.625 0.25555555625 0.61944444375
0 0.25694444375000003 0.5870370375 0.252777778125 0.5824074078125 0.146527778125 0.58055555625 0.134722221875 0.5870370375 0.13680555625 0.5953703703125 0.1583333328125 0.6 0.204027778125 0.5962962968750001 0.25347222187499996 0.5990740734375 0.2576388890625 0.5953703703125 0.25694444375000003 0.5870370375
0 0.1125 0.5722222218749999 0.10138888906250001 0.5675925921875 0.07569444374999999 0.56851851875 0.0673611109375 0.5722222218749999 0.065972221875 0.5796296296875 0.07291666718749999 0.5833333328125 0.10486111093749999 0.5824074078125 0.1125 0.5796296296875 0.11388888906250001 0.5759259265625001 0.1125 0.5722222218749999
0 0.3298611109375 0.6268518515625 0.33194444375 0.6379629625 0.3479166671875 0.6379629625 0.35 0.625 0.33194444375 0.6240740734375 0.3298611109375 0.6268518515625
0 0.3451388890625 0.5611111109375 0.34305555625 0.5740740734374999 0.3451388890625 0.577777778125 0.35 0.577777778125 0.3541666671875 0.5675925921875 0.353472221875 0.5601851859375 0.3451388890625 0.5611111109375
0 0.346527778125 0.7675925921875 0.31944444375000003 0.7648148140625 0.3138888890625 0.771296296875 0.3145833328125 0.7833333328125 0.325 0.784259259375 0.352777778125 0.7981481484375 0.35555555625 0.796296296875 0.35625 0.7814814812499999 0.346527778125 0.7675925921875
0 0.51805555625 0.602777778125 0.5166666671875 0.5981481484375 0.5083333328124999 0.5944444437499999 0.4548611109375 0.5916666671875 0.4548611109375 0.6083333328125 0.4583333328125 0.6138888890625 0.490277778125 0.6148148140624999 0.5125 0.6046296296875 0.5173611109375 0.60648148125 0.51805555625 0.602777778125
0 0.5618055562500001 0.5925925921874999 0.5291666671875 0.5935185187500001 0.5097222218749999 0.5990740734375 0.509027778125 0.6074074078125 0.5361111109375 0.6111111109375 0.5798611109375 0.6083333328125 0.5840277781250001 0.602777778125 0.5798611109375 0.5953703703125 0.5618055562500001 0.5925925921874999
0 0.5791666671875 0.8388888890624999 0.5986111109375 0.8398148140625 0.6111111109375 0.834259259375 0.615972221875 0.815740740625 0.6145833328125 0.8101851859375 0.5958333328125 0.80648148125 0.5701388890625 0.8083333328125001 0.5388888890625 0.797222221875 0.503472221875 0.796296296875 0.50555555625 0.80648148125 0.509027778125 0.803703703125 0.5125 0.8083333328125001 0.5263888890625 0.8101851859375 0.55069444375 0.8296296296874999 0.5791666671875 0.8388888890624999
0 0.765972221875 0.6537037031249999 0.63819444375 0.6416666671875 0.5361111109375 0.6351851859375001 0.5125 0.6379629625 0.51180555625 0.6453703703125 0.5145833328125 0.6490740734375 0.5236111109375 0.6518518515625 0.6486111109375 0.659259259375 0.7666666671875 0.6574074078125001 0.765972221875 0.6537037031249999
0 0.578472221875 0.8629629624999999 0.5798611109375 0.872222221875 0.5888888890625 0.8731481484374999 0.59375 0.86851851875 0.5930555562500001 0.8611111109375 0.5875 0.85648148125 0.578472221875 0.8629629624999999
0 0.67569444375 0.9064814812499999 0.6666666671875 0.9064814812499999 0.6708333328125 0.921296296875 0.6861111109375 0.9361111109375001 0.7125 0.9453703703125 0.74444444375 0.9425925921875 0.7354166671875 0.9305555562500001 0.67569444375 0.9064814812499999
0 0.7270833328124999 0.834259259375 0.727777778125 0.8435185187500001 0.7395833328125 0.852777778125 0.75555555625 0.853703703125 0.7673611109375 0.8462962968750001 0.7326388890625 0.8324074078124999 0.7270833328124999 0.834259259375
0 0.8965277781250001 0.625 0.9166666671874999 0.61851851875 0.9166666671874999 0.6148148140624999 0.8791666671874999 0.6083333328125 0.8604166671875 0.6111111109375 0.78125 0.6101851859375 0.68194444375 0.5981481484375 0.6736111109375 0.5990740734375 0.6673611109375 0.6046296296875 0.6666666671875 0.6101851859375 0.6729166671875 0.615740740625 0.69305555625 0.621296296875 0.73819444375 0.625 0.8743055562500001 0.6268518515625 0.8965277781250001 0.625
0 0.9993055562500001 0.9018518515625 0.9993055562500001 0.88055555625 0.99444444375 0.877777778125 0.82569444375 0.8462962968750001 0.8194444437499999 0.85 0.81875 0.85555555625 0.821527778125 0.859259259375 0.86319444375 0.875 0.902777778125 0.88148148125 0.9263888890624999 0.8898148140625001 0.9993055562500001 0.9018518515625
0 0.8340277781250001 0.9990740734375001 0.8604166671875 0.9990740734375001 0.828472221875 0.9675925921875 0.8041666671875 0.9611111109375001 0.7715277781250001 0.9444444437499999 0.7611111109375 0.9444444437499999 0.759027778125 0.9509259265625 0.76180555625 0.9546296296874999 0.7708333328125 0.9620370375 0.7875 0.9685185187500001 0.7951388890625 0.977777778125 0.8340277781250001 0.9990740734375001
0 0.66805555625 0.609259259375 0.6701388890625 0.602777778125 0.66180555625 0.5990740734375 0.6243055562500001 0.602777778125 0.5895833328125 0.5981481484375 0.58125 0.6046296296875 0.5826388890625 0.6138888890625 0.5875 0.61851851875 0.6083333328125 0.61944444375 0.640277778125 0.6120370375 0.6631944437499999 0.6111111109375 0.66805555625 0.609259259375
0 0.7201388890625 0.54351851875 0.7194444437499999 0.5490740734374999 0.7229166671875 0.5527777781250001 0.7291666671875 0.553703703125 0.734722221875 0.5490740734374999 0.73194444375 0.5416666671875 0.7201388890625 0.54351851875
0 0.9381944437499999 0.61851851875 0.9354166671874999 0.63055555625 0.9388888890624999 0.634259259375 0.9993055562500001 0.6398148140625 0.9993055562500001 0.61944444375 0.9444444437499999 0.6148148140624999 0.9381944437499999 0.61851851875
0 0.9729166671874999 0.58055555625 0.972222221875 0.5870370375 0.9770833328125 0.5916666671875 0.9993055562500001 0.5916666671875 0.9993055562500001 0.5740740734374999 0.98194444375 0.5731481484375001 0.9729166671874999 0.58055555625
0 0.859027778125 0.5703703703125 0.84930555625 0.5731481484375001 0.84930555625 0.578703703125 0.8583333328125 0.5861111109375 0.88055555625 0.5851851859375 0.8965277781250001 0.5768518515625 0.8958333328125001 0.5722222218749999 0.859027778125 0.5703703703125
0 0.9201388890625 0.5666666671875 0.9138888890624999 0.575 0.9138888890624999 0.5851851859375 0.9229166671875 0.5888888890625 0.9472222218749999 0.5796296296875 0.9513888890625 0.5722222218749999 0.9472222218749999 0.56851851875 0.9201388890625 0.5666666671875
0 0.9326388890624999 0.5546296296875 0.9263888890624999 0.5601851859375 0.9263888890624999 0.5648148140625 0.9388888890624999 0.56851851875 0.953472221875 0.5666666671875 0.9590277781250001 0.5601851859375 0.9472222218749999 0.553703703125 0.9326388890624999 0.5546296296875