0 0.032639062499999996 0.959259375 0.03194375 0.9351859375 0.025 0.9268515624999999 0.0173609375 0.925 0.003471875 0.9361109375 0.002778125 0.9444437499999999 0.00694375 0.9564812500000001 0.0173609375 0.972221875 0.027082812499999998 0.96851875 0.028471875 0.9583328124999999 0.032639062499999996 0.959259375
0 0.246528125 0.5981484375 0.24375 0.5796296875 0.19097187499999999 0.577778125 0.178471875 0.565740625 0.1729171875 0.5666671875 0.1645828125 0.575 0.15694375 0.5861109375 0.1604171875 0.59444375 0.196528125 0.590740625 0.2145828125 0.6 0.24236093749999998 0.6009265625 0.246528125 0.5981484375
0 0 0.5879624999999999 0.00555625 0.5916671874999999 0.025 0.59351875 0.034721875 0.5898140625 0.03819375 0.584259375 0.03819375 0.578703125 0.034028125 0.5759265625000001 0.0208328125 0.571296875 0.0020828125 0.5703703124999999 0 0.571296875 0 0.5879624999999999
0 0.09513906250000001 0.5611109375 0.07986093749999999 0.565740625 0.078471875 0.572221875 0.084028125 0.5768515625 0.09930625 0.5740734375 0.10347187499999999 0.56944375 0.1020828125 0.5648140625 0.09513906250000001 0.5611109375
0 0.32430625 0.7398140625 0.3125 0.74351875 0.31111093749999996 0.7518515625 0.315971875 0.7574078125 0.3291671875 0.7611109375 0.34513906250000004 0.759259375 0.34375 0.74351875 0.32430625 0.7398140625
0 0.6277781250000001 0.772221875 0.5958328125000001 0.7611109375 0.55069375 0.7490734375 0.5416671875 0.75 0.540971875 0.7555562499999999 0.547221875 0.7638890625 0.5798609375 0.7759265625 0.6166671874999999 0.7824078125 0.63194375 0.7796296875000001 0.6277781250000001 0.772221875
0 0.7611109375 0.8166671875 0.75625 0.8129625 0.7270828125000001 0.7981484375 0.70694375 0.796296875 0.709028125 0.8074078124999999 0.7173609375 0.81851875 0.7472218749999999 0.828703125 0.7541671875 0.827778125 0.7611109375 0.8203703125 0.7611109375 0.8166671875
0 0.9984375 0.6398140625 0.9984375 0.615740625 0.915278125 0.6120375 0.9083328125 0.6064812500000001 0.8860296875 0.611396875 0.8566171875 0.6156859375 0.86875 0.602778125 0.8013890625 0.6018515625 0.7645828125 0.5990734375 0.74375 0.59351875 0.7303921875 0.60649375 0.7083328125 0.612009375 0.6770828125 0.6095578125000001 0.6556375 0.5997515625000001 0.6323531250000001 0.6003640625 0.5894609375 0.5997515625000001 0.6041671875 0.5930093750000001 0.4513890625 0.5916671874999999 0.44930624999999996 0.597221875 0.45277812500000003 0.6101859375 0.48194375 0.615740625 0.6048609375 0.6240734375 0.78055625 0.6277781250000001 0.9984375 0.6398140625
0 0.6173609375 0.55648125 0.584721875 0.553703125 0.5666671875 0.55555625 0.56180625 0.559259375 0.56180625 0.565740625 0.5666671875 0.5703703124999999 0.59375 0.5703703124999999 0.6083328125 0.5675921875000001 0.615971875 0.5620375 0.6173609375 0.55648125
0 0.5326390625 0.5509265625 0.5291671874999999 0.55555625 0.5284718749999999 0.5638890625 0.5326390625 0.5675921875000001 0.552778125 0.5638890625 0.55069375 0.55648125 0.540971875 0.5509265625 0.5326390625 0.5509265625
0 0.33194375 0.6768515625 0.33055625 0.6888890625 0.3354171875 0.6953703124999999 0.34305625 0.6990734375 0.3513890625 0.6953703124999999 0.3520828125 0.6796296875000001 0.33194375 0.6768515625
0 0.31875 0.630865625 0.3229171875 0.637346875 0.34930625000000004 0.63364375 0.347221875 0.617903125 0.31944374999999997 0.6234578125 0.31875 0.630865625
0 0.8903187499999999 0.6383640625 0.8743874999999999 0.6371390625 0.8633578125 0.640203125 0.8569437499999999 0.64444375 0.86875 0.6518515625 0.89444375 0.652778125 0.9069437499999999 0.6453703125 0.9041671875 0.6361109375 0.8903187499999999 0.6383640625
0 0.86875 0.5675921875000001 0.85625 0.565740625 0.7520828125000001 0.5611109375 0.7395828125 0.5611109375 0.7333328125 0.571296875 0.7326390625 0.5796296875 0.7361109375 0.5824078125 0.83819375 0.5824078125 0.8680562500000001 0.5768515625 0.8743062500000001 0.572221875 0.86875 0.5675921875000001
0 0.6979171875 0.5398140625 0.66944375 0.540740625 0.6666671875 0.5481484375 0.6736109375 0.553703125 0.6951390625 0.55555625 0.702778125 0.5490734374999999 0.7013890625 0.5416671875 0.6979171875 0.5398140625
0 0.9895828124999999 0.6574078125 0.9984375 0.6620375000000001 0.9984375 0.6425921875 0.99375 0.6435187499999999 0.9895828124999999 0.6490734375 0.9895828124999999 0.6574078125
0 0.63233125 0.6438671874999999 0.59799375 0.6406375 0.5632718750000001 0.6369328125 0.520215625 0.6397109375000001 0.4486875 0.6315140625 0.45177500000000004 0.6438671874999999 0.5153546875 0.6517484375 0.5613421875 0.6562203125 0.5906640624999999 0.6593093750000001 0.6307875000000001 0.6531328125 0.63233125 0.6438671874999999
0 0.246875 0.628125 0.2453125 0.61875 0.2 0.609375 0.0375 0.6046875 0.028125 0.6046875 0.021875 0.60625 0.090625 0.61875 0.11875 0.6171875 0.246875 0.628125