0 0.8305562500000001 0.9740734375000001 0.84930625 0.9768515624999999 0.88055625 0.9879625000000001 0.92569375 0.984259375 0.9451390625 0.975 0.959028125 0.9638890625000001 0.952778125 0.959259375 0.8833328125 0.9546296875 0.7770828125 0.9361109375 0.7208328125000001 0.9175921875 0.6979171875 0.9138890625 0.675 0.902778125 0.665971875 0.9046296875 0.66944375 0.915740625 0.68125 0.9240734375 0.727778125 0.9370375 0.7888890625 0.9620374999999999 0.8145828125 0.9657406249999999 0.8305562500000001 0.9740734375000001
0 0.53125 0.89444375 0.5673609374999999 0.8888890625 0.5708328125000001 0.8842593750000001 0.5673609374999999 0.88055625 0.52430625 0.88055625 0.48680625 0.8740734375000001 0.44953750000000003 0.8731484375 0.4201390625 0.8611109375 0.41527812500000005 0.8611109375 0.4138890625 0.8657406249999999 0.3986109375 0.8611109375 0.3979171875 0.86851875 0.40486093749999996 0.8768515625 0.42291718749999996 0.8879625000000001 0.47291718749999995 0.8990734375 0.5208328125 0.8990734375 0.53125 0.89444375
0 0.515278125 0.99351875 0.471528125 0.978703125 0.43125 0.9518515624999999 0.4111109375 0.9425921875000001 0.396528125 0.9453703125 0.397221875 0.959259375 0.4201390625 0.9768515624999999 0.44652812500000005 0.9879625000000001 0.45694375000000004 0.9984375 0.5208328125 0.9984375 0.515278125 0.99351875
0 0.37222187500000004 0.8768515625 0.3791671875 0.8722218749999999 0.384028125 0.8620374999999999 0.3770828125 0.846296875 0.37430625 0.8453703125 0.3458328125 0.8453703125 0.334028125 0.8388890625000001 0.3145828125 0.8361109375 0.302778125 0.8370374999999999 0.2979171875 0.8416671875 0.2958328125 0.8509265625 0.297221875 0.8657406249999999 0.3076390625 0.8666671875 0.3201390625 0.8731484375 0.3448609375 0.8722218749999999 0.37222187500000004 0.8768515625
0 0 0.7824078125 0.07569375 0.803703125 0.09652812499999999 0.8046296875 0.12847187499999999 0.8120375 0.17430625 0.8268515624999999 0.18125 0.834259375 0.2104171875 0.8444437499999999 0.24930625 0.8490734375000001 0.24930625 0.8305562500000001 0.2458328125 0.825 0.22847187500000002 0.8240734375000001 0.1979171875 0.8148140625 0.18611093750000002 0.8055562500000001 0.11875 0.7888890625 0.09513906250000001 0.7796296875000001 0.09236093749999999 0.775 0.0736109375 0.7703703125 0.034028125 0.7685187499999999 0.0145828125 0.7620375 0 0.7620375 0 0.7824078125
0 0.2486109375 0.6111109375 0.2486109375 0.6 0.2458328125 0.5953703124999999 0.2166671875 0.5870375 0.1922625 0.5925921875 0.1479171875 0.5879624999999999 0.07986093749999999 0.5888890625000001 0.05 0.5851859375 0.034721875 0.5888890625000001 0.033332812499999996 0.5953703124999999 0.0423609375 0.5990734375 0.084721875 0.6064812500000001 0.18472187499999998 0.6129625 0.24375 0.6138890625 0.2486109375 0.6111109375
0 0.36180625 0.6324078125 0.352778125 0.6305562499999999 0.33194375 0.6351859375 0.3298609375 0.6407406250000001 0.3333328125 0.65 0.3604171875 0.653703125 0.365278125 0.6509265625 0.365971875 0.6379625 0.36180625 0.6324078125
0 0.9895828124999999 0.6990734375 0.902778125 0.6898140625 0.8430562500000001 0.677778125 0.8298609375 0.68055625 0.8298609375 0.6888890625 0.875 0.7064812500000001 0.9388890625 0.7148140625 0.9984375 0.7083328125 0.9984375 0.7018515625 0.9895828124999999 0.6990734375
0 0.8194437499999999 0.6620375000000001 0.8083328125 0.6601859375 0.7145828125 0.6601859375 0.7048609375 0.6620375000000001 0.7201390625 0.6703703125 0.7854171875 0.6796296875000001 0.8125 0.675 0.8229171875000001 0.66944375 0.8194437499999999 0.6620375000000001
0 0.9984375 0.646296875 0.9984375 0.63148125 0.9972218749999999 0.6305562499999999 0.6263890625 0.6083328125 0.615278125 0.59444375 0.575 0.59351875 0.5479171875 0.6046296875 0.5027781250000001 0.603703125 0.46666718749999997 0.5981484375 0.45694375000000004 0.6018515625 0.4548609375 0.6074078125 0.459028125 0.6203703125 0.465971875 0.625 0.70555625 0.6305562499999999 0.7868062499999999 0.6398140625 0.9984375 0.646296875
0 0.8583328124999999 0.5888890625000001 0.8673609375 0.5916671874999999 0.9125 0.5888890625000001 0.9243062500000001 0.5833328125 0.9173609375 0.578703125 0.8375 0.56944375 0.7895828125000001 0.56944375 0.7798609375 0.572221875 0.772221875 0.5796296875 0.771528125 0.5879624999999999 0.7763890625000001 0.5916671874999999 0.809028125 0.5898140625 0.83125 0.59444375 0.8451390625 0.59444375 0.8583328124999999 0.5888890625000001
0 0.2451390625 0.572221875 0.2451390625 0.5796296875 0.25138906250000004 0.5833328125 0.2541671875 0.577778125 0.2541671875 0.5666671875 0.25069375 0.5648140625 0.2451390625 0.572221875
0 0.49444375 0.552778125 0.4826390625 0.55555625 0.48194375 0.5638890625 0.48472187499999997 0.5666671875 0.497221875 0.565740625 0.5020828125000001 0.5601859375 0.50069375 0.55555625 0.49444375 0.552778125
0 0.71944375 0.5453703125 0.71944375 0.553703125 0.725 0.5611109375 0.765971875 0.5601859375 0.7666671875 0.5518515625 0.7611109375 0.5490734374999999 0.71944375 0.5453703125
0 0 0.5861109375 0.013889062499999999 0.5851859375 0.01805625 0.5796296875 0.0173609375 0.575 0.01319375 0.572221875 0.0020828125 0.571296875 0 0.572221875 0 0.5861109375
0 0.68680625 0.5435187499999999 0.6861109375 0.5490734374999999 0.6888890625 0.552778125 0.697221875 0.552778125 0.69930625 0.5490734374999999 0.697221875 0.5416671875 0.68680625 0.5435187499999999
0 0.84375 0.559259375 0.8451390625 0.5675921875000001 0.8638890625 0.5638890625 0.8638890625 0.5601859375 0.85555625 0.55555625 0.8465281250000001 0.55555625 0.84375 0.559259375
0 0.4859375 0.6609375 0.5875 0.6640625 0.5953125 0.659375 0.5859375 0.65 0.4625 0.646875 0.4625 0.653125 0.465625 0.65 0.4859375 0.6609375
0 0.215625 0.640625 0.221875 0.634375 0.2140625 0.6265625 0.2015625 0.625 0.0921875 0.61875 0.090625 0.61875 0.0875 0.621875 0.096875 0.6296875 0.1484375 0.6375 0.215625 0.640625