0 0.2416671875 0.5648140625 0.2291671875 0.5638890625 0.21944375 0.56944375 0.2173609375 0.5796296875 0.221528125 0.5833328125 0.2458328125 0.58055625 0.25 0.5731484375 0.2486109375 0.5675921875000001 0.2416671875 0.5648140625
0 0.92569375 0.7148140625 0.9361109375 0.7083328125 0.934028125 0.7018515625 0.86875 0.697221875 0.8 0.68148125 0.7888890625 0.6824078124999999 0.7895828125000001 0.6888890625 0.802778125 0.7 0.825 0.7083328125 0.8798609374999999 0.7203703124999999 0.9034718749999999 0.7138890625000001 0.92569375 0.7148140625
0 0.44652812500000005 0.9083328125 0.48055624999999996 0.9101859375 0.4895828125 0.9046296875 0.48402812500000003 0.8990734375 0.4138890625 0.8935187499999999 0.3875 0.8851859375 0.36319375 0.8870374999999999 0.347221875 0.8824078125 0.334028125 0.8851859375 0.33125 0.8879625000000001 0.3416671875 0.8981484375000001 0.38194374999999997 0.9055562500000001 0.40416718749999997 0.9148140625 0.4201390625 0.9148140625 0.44652812500000005 0.9083328125
0 0.23402812499999998 0.8648140625 0.2375 0.8574078125 0.23055625000000002 0.85 0.18402812500000001 0.8333328124999999 0.14305625 0.8305562500000001 0.1270828125 0.825 0.10555624999999999 0.828703125 0.10625 0.8333328124999999 0.1229171875 0.8388890625000001 0.13055624999999998 0.8453703125 0.165971875 0.8583328124999999 0.2201390625 0.8675921875 0.23402812499999998 0.8648140625
0 0.24375 0.6129625 0.2479171875 0.6074078125 0.24444375 0.5981484375 0.15972187499999999 0.5916671874999999 0.019443750000000003 0.5870375 0.0125 0.5870375 0.00625 0.5916671874999999 0.00555625 0.5953703124999999 0.0083328125 0.597221875 0.0354171875 0.603703125 0.09513906250000001 0.6111109375 0.23263906250000002 0.6138890625 0.24375 0.6129625
0 0 0.8074078124999999 0.025 0.8101859375 0.0708328125 0.8268515624999999 0.0979171875 0.8314812500000001 0.11319375000000001 0.8388890625000001 0.1270828125 0.8407406249999999 0.1298609375 0.8379625 0.1270828125 0.8259265625 0.1125 0.8166671875 0.00555625 0.7833328125000001 0 0.7833328125000001 0 0.8074078124999999
0 0.5576390625000001 0.653703125 0.5458328125 0.6518515625 0.45625 0.6490734375 0.45555625 0.6601859375 0.46527812500000004 0.6620375000000001 0.5451390625 0.6666671875 0.5597218749999999 0.6620375000000001 0.5611109375 0.6583328125000001 0.5576390625000001 0.653703125
0 0.3548609375 0.9694437499999999 0.334028125 0.9638890625000001 0.325 0.9675921875 0.32569375 0.978703125 0.33194375 0.9851859375 0.35694375 0.99444375 0.3729171875 0.99351875 0.37222187500000004 0.9888890625 0.3548609375 0.9694437499999999
0 0.2986109375 0.8620374999999999 0.290971875 0.8546296874999999 0.28263906250000004 0.8583328124999999 0.2673609375 0.8509265625 0.24027812499999998 0.8611109375 0.2375 0.8722218749999999 0.247221875 0.8777781250000001 0.28819374999999997 0.8898140625 0.2979171875 0.8879625000000001 0.3013890625 0.8824078125 0.2986109375 0.8620374999999999
0 0 0.628703125 0.0458328125 0.628703125 0.1583328125 0.6416671875 0.1875 0.6379625 0.18611093750000002 0.63148125 0.18055625 0.628703125 0.021528125000000002 0.6138890625 0 0.6138890625 0 0.628703125
0 0.352778125 0.6305562499999999 0.34930625000000004 0.6351859375 0.34513906250000004 0.6324078125 0.33125 0.6370375 0.33194375 0.6481484375 0.3416671875 0.6518515625 0.359028125 0.653703125 0.365278125 0.64444375 0.3583328125 0.6305562499999999 0.352778125 0.6305562499999999
0 0.46041718749999994 0.5583328125 0.46041718749999994 0.5648140625 0.46666718749999997 0.56851875 0.47777812500000005 0.5638890625 0.47708281250000006 0.5574078124999999 0.471528125 0.553703125 0.46041718749999994 0.5583328125
0 0.675 0.5518515625 0.68680625 0.5518515625 0.68819375 0.5481484375 0.6847218749999999 0.5416671875 0.6763890625 0.5416671875 0.675 0.5518515625
0 0.7798609375 0.665740625 0.7770828125 0.6620375000000001 0.70069375 0.6638890625 0.6763890625 0.6611109374999999 0.67569375 0.665740625 0.68055625 0.6703703125 0.70625 0.671296875 0.73819375 0.68055625 0.7708328125 0.678703125 0.7798609375 0.665740625
0 0.9298609375 0.9120375 0.9194437499999999 0.90648125 0.8881937499999999 0.9083328125 0.8854171875000001 0.9120375 0.88680625 0.9148140625 0.896528125 0.921296875 0.921528125 0.922221875 0.9298609375 0.915740625 0.9298609375 0.9120375
0 0.97430625 0.7175921875 0.9736109374999999 0.7240734375 0.978471875 0.7296296875 0.9984375 0.7333328125 0.9984375 0.7138890625000001 0.9798609375 0.7129624999999999 0.97430625 0.7175921875
0 0.9791671875000001 0.547221875 0.9708328125 0.5490734374999999 0.9701390625 0.5611109375 0.9736109374999999 0.5666671875 0.9984375 0.5666671875 0.9984375 0.5518515625 0.9888890625 0.5518515625 0.9791671875000001 0.547221875
0 0.865278125 0.5833328125 0.8618062500000001 0.577778125 0.8270828124999999 0.572221875 0.7513890625 0.5703703124999999 0.740278125 0.572221875 0.73125 0.584259375 0.73125 0.590740625 0.7361109375 0.59351875 0.80694375 0.59444375 0.8251734374999999 0.5898140625 0.853471875 0.5898140625 0.865278125 0.5833328125
0 0.8291671875000001 0.5546296875000001 0.8104171875 0.5546296875000001 0.8125 0.5620375 0.821528125 0.5675921875000001 0.83819375 0.5675921875000001 0.84375 0.5638890625 0.83819375 0.5574078124999999 0.8291671875000001 0.5546296875000001
0 0.7451390625000001 0.5518515625 0.7395828125 0.5546296875000001 0.7375 0.5601859375 0.7451390625000001 0.56944375 0.759028125 0.5675921875000001 0.7708328125 0.5601859375 0.7666671875 0.552778125 0.7451390625000001 0.5518515625
0 0.4609375 0.6234375 0.6171875 0.628125 0.6890625 0.6375 0.9984375 0.6453125 0.9984375 0.6328125 0.8015625 0.625 0.5890625 0.609375 0.5828125 0.60625 0.58125 0.59375 0.5296875 0.5953125 0.528125 0.59375 0.5140625 0.603125 0.45625 0.603125 0.453125 0.6140625 0.4609375 0.6234375
0 0.8984375 0.9984375 0.896875 0.9921875 0.8828125 0.9890625 0.821875 0.9890625 0.7953125 0.978125 0.7890625 0.98125 0.75 0.9734375 0.6953125 0.95 0.671875 0.9484375 0.6078125 0.925 0.6046875 0.925 0.603125 0.9328125 0.6296875 0.9515625 0.7765625 0.9984375 0.8984375 0.9984375