0 0 0.7638890625 0.0020828125 0.7648140625 0.1048609375 0.790740625 0.147221875 0.797221875 0.1666671875 0.8074078124999999 0.215971875 0.8129625 0.2291671875 0.81851875 0.23888906250000003 0.8296296875 0.2520828125 0.8305562500000001 0.25277812499999996 0.7990734374999999 0.2486109375 0.7925921875 0.2270828125 0.790740625 0.20902812499999998 0.7833328125000001 0.1736109375 0.777778125 0.1229171875 0.7611109375 0.002778125 0.7425921875 0 0.74351875 0 0.7638890625
0 0.3729171875 0.834259375 0.36875 0.827778125 0.315971875 0.8157406249999999 0.30625 0.822221875 0.303471875 0.827778125 0.302778125 0.8407406249999999 0.3048609375 0.84351875 0.3541671875 0.85 0.36944374999999996 0.85 0.3729171875 0.8444437499999999 0.3729171875 0.834259375
0 0.5763890625 0.8888890625 0.5993062499999999 0.8824078125 0.6076390625 0.8731484375 0.603471875 0.8657406249999999 0.55555625 0.8629625000000001 0.522221875 0.8564812500000001 0.50625 0.8583328124999999 0.45555625 0.853703125 0.45416718749999996 0.8574078125 0.45694375000000004 0.8648140625 0.46527812500000004 0.8731484375 0.521528125 0.8888890625 0.534721875 0.8861109375 0.5763890625 0.8888890625
0 0.540278125 0.9953703125000001 0.5576390625000001 0.9953703125000001 0.5791671875 0.9861109375 0.57430625 0.978703125 0.5236109375 0.953703125 0.490278125 0.9388890625 0.47013906250000004 0.9361109375 0.46875 0.94351875 0.47708281250000006 0.952778125 0.49375 0.9666671875 0.5083328125000001 0.9731484375000001 0.515278125 0.9824078125 0.540278125 0.9953703125000001
0 0.8506937499999999 0.9453703125 0.8930562500000001 0.9546296875 0.9381937499999999 0.9620374999999999 0.953471875 0.9611109375 0.9833328124999999 0.9518515624999999 0.9916671875 0.9425921875000001 0.9854171875000001 0.9361109375 0.8888890625 0.928703125 0.8333328124999999 0.915740625 0.8020828124999999 0.9129625000000001 0.7472218749999999 0.9 0.6930562499999999 0.88148125 0.6930562499999999 0.8851859375 0.7048609375 0.896296875 0.7472218749999999 0.9092593750000001 0.7666671875 0.9203703125 0.796528125 0.925 0.8506937499999999 0.9453703125
0 0.403471875 0.8407406249999999 0.4 0.834259375 0.3923609375 0.8351859375 0.3888890625 0.8398140625 0.3888890625 0.8583328124999999 0.3916671875 0.8657406249999999 0.40069375 0.8666671875 0.40416718749999997 0.8601859375 0.403471875 0.8407406249999999
0 0.42152812500000003 0.859259375 0.42222187499999997 0.8731484375 0.42847187499999995 0.8768515625 0.43055625 0.86944375 0.42847187499999995 0.8601859375 0.42430625 0.8564812500000001 0.42152812500000003 0.859259375
0 0.58125 0.6101859375 0.5875 0.6231484375 0.5951390625 0.625 0.703471875 0.6231484375 0.7923609375 0.6324078125 0.8138890625 0.6379625 0.9984375 0.6435187499999999 0.9984375 0.6296296875 0.8666671875 0.621296875 0.8152781250000001 0.6148140625 0.78819375 0.6166671874999999 0.6701390625 0.6101859375 0.65 0.6074078125 0.6395828125 0.5953703124999999 0.6277781250000001 0.5916671874999999 0.603471875 0.5925921875 0.5861109375 0.603703125 0.5666671875 0.602778125 0.5611109375 0.60555625 0.50625 0.5981484375 0.4736109375 0.597221875 0.46273125000000004 0.59951875 0.46180625 0.6180484374999999 0.47777812500000005 0.6231484375 0.5375 0.621296875 0.5569437500000001 0.615740625 0.5680562499999999 0.6166671874999999 0.58125 0.6101859375
0 0.8291671875000001 0.6731484375 0.8541671875000001 0.66944375 0.8583328124999999 0.6629625 0.8548609375 0.6583328125000001 0.7423609375 0.6620375000000001 0.7388890625 0.6648140625 0.759028125 0.66944375 0.7840281250000001 0.66944375 0.797221875 0.665740625 0.8076390625000001 0.671296875 0.8291671875000001 0.6731484375
0 0.88055625 0.6861109375 0.9166671875000001 0.703703125 0.9984375 0.7101859375 0.9984375 0.6925921875000001 0.88055625 0.6796296875000001 0.88055625 0.6861109375
0 0.6388890625 0.6574078125 0.63680625 0.653703125 0.6236109375 0.65 0.5340281250000001 0.6435187499999999 0.46805624999999995 0.6435187499999999 0.47013906250000004 0.6518515625 0.5041671875 0.653703125 0.52430625 0.6601859375 0.5854171874999999 0.6583328125000001 0.621528125 0.6629625 0.6388890625 0.6574078125
0 0.847221875 0.571296875 0.828471875 0.56851875 0.8138890625 0.571296875 0.8083328125 0.58055625 0.8076390625000001 0.5870375 0.8111109375 0.590740625 0.828471875 0.5916671874999999 0.8416671875 0.5870375 0.8513890625 0.575 0.847221875 0.571296875
0 0.91180625 0.5768515625 0.8881937499999999 0.571296875 0.859721875 0.5731484375 0.8583328124999999 0.58055625 0.8611109375 0.5898140625 0.8857640625000001 0.5870375 0.9083328125 0.590740625 0.9166671875000001 0.5833328125 0.91180625 0.5768515625
0 0.92569375 0.5879624999999999 0.9388890625 0.590740625 0.946528125 0.5879624999999999 0.9520828124999999 0.58055625 0.9263890625 0.578703125 0.92569375 0.5879624999999999
0 0.75 0.5481484375 0.7375 0.5518515625 0.73680625 0.559259375 0.7388890625 0.5611109375 0.75 0.5611109375 0.75625 0.5574078124999999 0.75625 0.552778125 0.75 0.5481484375
0 0.165971875 0.6 0.16180624999999998 0.5916671874999999 0.1416671875 0.590740625 0.13125 0.5861109375 0.0673609375 0.5833328125 0.059721875 0.5888890625000001 0.0583328125 0.596296875 0.060417187500000004 0.5990734375 0.077778125 0.5990734375 0.1166671875 0.6074078125 0.15902812500000002 0.6074078125 0.165971875 0.6
0 0.2541671875 0.5990734375 0.25 0.59444375 0.23402812499999998 0.5925921875 0.21944375 0.597221875 0.21875 0.602778125 0.221528125 0.6064812500000001 0.23263906250000002 0.6101859375 0.2486109375 0.6111109375 0.2541671875 0.6064812500000001 0.2541671875 0.5990734375
0 0.6222218749999999 0.6638890625 0.6395828125 0.6583328125000001 0.6395828125 0.653703125 0.6125 0.6490734375 0.46875 0.6425921875 0.46805624999999995 0.6490734375 0.47083281250000003 0.652778125 0.509028125 0.65555625 0.522221875 0.6611109374999999 0.577778125 0.659259375 0.6222218749999999 0.6638890625
0 0.25138906250000004 0.6379625 0.25138906250000004 0.6305562499999999 0.2479171875 0.6268515625 0.12430625 0.621296875 0.12152812500000001 0.6259265625 0.1270828125 0.628703125 0.14930625 0.6296296875 0.1708328125 0.6351859375 0.247221875 0.6407406250000001 0.25138906250000004 0.6379625
0 0.3361109375 0.6351859375 0.334028125 0.6379625 0.3354171875 0.6425921875 0.340278125 0.646296875 0.3541671875 0.6407406250000001 0.35 0.6351859375 0.3361109375 0.6351859375
0 0.3458328125 0.5759265625000001 0.34930625000000004 0.5814812500000001 0.36180625 0.5796296875 0.3604171875 0.5740734375 0.347221875 0.5740734375 0.3458328125 0.5759265625000001
0 0.69444375 0.5425921875 0.69375 0.5490734374999999 0.6979171875 0.5546296875000001 0.70555625 0.553703125 0.709721875 0.5481484375 0.70625 0.540740625 0.69444375 0.5425921875
0 0 0.5814812500000001 0.009028125 0.5851859375 0.028471875 0.5851859375 0.046528125 0.5796296875 0.043056250000000004 0.572221875 0.0354171875 0.56944375 0.003471875 0.572221875 0 0.575 0 0.5814812500000001