0 0.401971090625 0.7800827921875 0.40256816874999996 0.7828831140625 0.414269590625 0.7860712078125001 0.477910253125 0.7743962343749999 0.5053971734375 0.7633117234375 0.51061078125 0.7533023937500001 0.44214428281249996 0.7638823546875 0.40844348437500005 0.7738233812499999 0.401971090625 0.7800827921875
0 0.636050190625 0.7826980734375 0.6331771625 0.785377215625 0.6333541546875 0.800207240625 0.6367273171875001 0.8031045062500001 0.6583712390625001 0.800154365625 0.6656191765624999 0.7716862703125 0.660890284375 0.7678151734374999 0.6539177546875 0.7684981765625001 0.636050190625 0.7826980734375
0 0.9092280625000001 0.5809978625000001 0.9083401546875001 0.586525796875 0.915118796875 0.5913949640625 0.931775309375 0.591976621875 0.9354069890625001 0.5874709921875 0.9335188109375 0.5818461140625 0.9246581031250001 0.5769042390625 0.9142477843749999 0.5765407031249999 0.9092280625000001 0.5809978625000001
0 0.8292217125000001 0.5837629203125 0.8293987062499999 0.598592946875 0.8334012625 0.6033651703125 0.8422942828125001 0.6073816828124999 0.8645029687499999 0.6081572265624999 0.8660848968750001 0.6026535265625 0.8452811499999999 0.5815442562500001 0.8356617921874999 0.578428871875 0.8292217125000001 0.5837629203125
0 0.8081102421875 0.5913641046875 0.7532502375 0.590374840625 0.7498601781249999 0.6078597734375 0.75250700625 0.6116581640625001 0.7621909921875 0.6129228265625 0.8053495765625 0.610723996875 0.8131453843750001 0.60636378125 0.815421334375 0.600884315625 0.8203117984375 0.6001286046875001 0.82044105625 0.5964271578125 0.8081102421875 0.5913641046875
0 0.7548306921875 0.6247101734375 0.7521838625 0.6209117843749999 0.74776121875 0.6281692624999999 0.746711740625 0.6383240078125 0.7569928046875 0.6423889921875 0.77724868125 0.6393903812499999 0.781671325 0.6321329015625 0.7764422984375 0.622685396875 0.763352834375 0.6194488328125 0.7548306921875 0.6247101734375
0 0.42232833437500006 0.654791 0.513439025 0.6524137125 0.542023159375 0.6497059328125 0.54313726875 0.6377004640624999 0.541216775 0.633000946875 0.5168937125 0.6330780578125 0.5053538625 0.6252631546874999 0.49759036874999996 0.6286980078125 0.49002076250000004 0.626580690625 0.47436452031250004 0.6371518468749999 0.40691518593750003 0.6385024265625 0.38807966562499996 0.6406241453125 0.3836893359375 0.6469562640625 0.3877242078125 0.6508031265625001 0.42232833437500006 0.654791
0 0.666770021875 0.6392383421875001 0.667093165625 0.6299847234375 0.654794665625 0.6239963093750001 0.6401555875 0.6253380828124999 0.6375888078124999 0.639145803125 0.6631706578125 0.6428186124999999 0.666770021875 0.6392383421875001
0 0.660445253125 0.581575078125 0.6626411546875 0.558489503125 0.6406586703125 0.551236425 0.6436917984375 0.5837695046875 0.660445253125 0.581575078125
0 0.2949610625 0.8198909640625001 0.3003839765625 0.8237863000000001 0.32047828125 0.8254144968749999 0.33452028125 0.8212724031249999 0.3591187546875 0.7934102015625 0.3600712921875 0.7860315421874999 0.3461908625 0.7855468265625001 0.29581665468749996 0.815288390625 0.2949610625 0.8198909640625001
0 0 0.6259706484375 0.42068325156249997 0.622306390625 0.4825804140625 0.6207619265625001 0.5014805640625 0.6167894828125 0.536843340625 0.6189508671875 0.5439128125 0.615491778125 0.5443652140624999 0.6025367125 0.5375865703125 0.5976675453125 0.457015459375 0.5967069203124999 0.4245257109375 0.5918663921875 0.405431675 0.6013910078125 0.37003658281249996 0.6001549828125 0.319840840625 0.6048875421875 0.275649671875 0.5968589203125 0.163218203125 0.5929327265625 0.136586875 0.5994146625 0.127629225 0.597248875 0.12052744062500001 0.601633325 0.0782567609375 0.5983042203125 0 0.602691984375 0 0.6259706484375
0 0.2944066171875 0.5372920546875 0.2896931453125 0.55287779375 0.30552637968749996 0.5571366640625001 0.340389021875 0.5537216421875 0.3455056859375 0.546488396875 0.344408471875 0.5381116687499999 0.3299955953125 0.532975909375 0.29863537500000004 0.535586746875 0.2944066171875 0.5372920546875
0 0.447639196875 0.5667318046875 0.449253440625 0.5603027421875 0.44250711093749995 0.5545082140625001 0.39600767812500004 0.5528844171875 0.39921927031250004 0.5604084921875 0.42123406875 0.56673620625 0.447639196875 0.5667318046875
0 0.2889021796875 0.5556296421875 0.2792828234375 0.5525142578125 0.2590269453125 0.5555128671875 0.1450781765625 0.5552396500000001 0.14210820468750002 0.560694878125 0.1529863484375 0.567560184375 0.179229903125 0.5721825890625001 0.2847211578125 0.575866425 0.291128921875 0.5714577375000001 0.2914843796875 0.5612787578125 0.2889021796875 0.5556296421875
0 0.1099063375 0.6272041578125 0.10624234375 0.63263515 0.109518565625 0.6383085000000001 0.1184439 0.64139965 0.137182478125 0.6420540156250001 0.165137221875 0.637471275 0.16675146406250002 0.6310422140624999 0.1647663421875 0.6281934203125 0.122495665625 0.624864315625 0.1099063375 0.6272041578125
0 0.159877353125 0.5891101015625 0.1492408328125 0.595224096875 0.1517260890625 0.603649296875 0.16131313125 0.60769004375 0.2091036640625 0.6121383984375 0.22730979218749997 0.60814171875 0.2374138640625 0.5973766765625 0.23770469374999997 0.5890484203125 0.2000336515625 0.5932918593750001 0.159877353125 0.5891101015625
0 0 0.648051728125 0.0355645234375 0.6468438515625 0.0391638875 0.6432635828125 0.039648603125 0.6293831546875001 0 0.6246280421875 0 0.648051728125
0 0.456693790625 0.56612150625 0.4747383453125 0.5667516359375 0.47840234062500003 0.5613206453124999 0.47790220312500004 0.5557442375 0.4697678328125 0.5499012375000001 0.4607455546875 0.5495861734374999 0.456290596875 0.5577690140625 0.456693790625 0.56612150625