0 0.8375 0.9509259265625 0.8854166671874999 0.965740740625 0.9131944437499999 0.9833333328125 0.9236111109375 0.9861111109375 0.9368055562500001 0.9990740734375001 0.984027778125 0.9990740734375001 0.98194444375 0.99444444375 0.9625 0.9870370375 0.928472221875 0.9611111109375001 0.8173611109375001 0.9148148140625001 0.73680555625 0.8925925921875001 0.7291666671875 0.89351851875 0.727777778125 0.897222221875 0.734027778125 0.9046296296874999 0.7625 0.925 0.778472221875 0.93148148125 0.79930555625 0.934259259375 0.8375 0.9509259265625
0 0.9708333328125001 0.8740740734375001 0.9993055562500001 0.88148148125 0.9993055562500001 0.85555555625 0.9604166671875 0.8481481484375 0.89375 0.8425925921875 0.8298611109375 0.827777778125 0.7854166671875 0.828703703125 0.784027778125 0.8333333328125001 0.7875 0.8370370375 0.8236111109375001 0.847222221875 0.86319444375 0.85 0.93194444375 0.8731481484374999 0.9708333328125001 0.8740740734375001
0 0.527777778125 0.815740740625 0.58125 0.8194444437499999 0.590972221875 0.8055555562500001 0.5951388890625 0.8055555562500001 0.61875 0.8231481484375 0.6354166671875 0.827777778125 0.64375 0.825 0.659027778125 0.8111111109375001 0.6576388890625 0.8055555562500001 0.647222221875 0.797222221875 0.6013888890625 0.790740740625 0.57569444375 0.7814814812499999 0.4916666671875 0.7796296296875 0.4298611109375 0.7703703703125 0.4236111109375 0.7703703703125 0.42152777812500003 0.7759259265625 0.42083333281249996 0.7824074078125001 0.4236111109375 0.7879629625 0.44375 0.7898148140625 0.46944444374999994 0.803703703125 0.5013888890625 0.803703703125 0.527777778125 0.815740740625
0 0.33888888906250003 0.759259259375 0.334027778125 0.7509259265625 0.3270833328125 0.747222221875 0.321527778125 0.747222221875 0.31736111093749997 0.7518518515625 0.31805555625 0.7675925921875 0.3451388890625 0.7796296296875 0.35 0.775 0.34930555625 0.7620370375000001 0.3451388890625 0.7546296296875 0.33888888906250003 0.759259259375
0 0.6777777781250001 0.8611111109375 0.671527778125 0.86851851875 0.671527778125 0.8759259265624999 0.678472221875 0.88148148125 0.6868055562500001 0.88148148125 0.69375 0.8768518515625001 0.690277778125 0.86944444375 0.6777777781250001 0.8611111109375
0 0.23125 0.7509259265625 0.2611111109375 0.7546296296875 0.2673611109375 0.7509259265625 0.2645833328125 0.7379629624999999 0.2513888890625 0.727777778125 0.178472221875 0.7194444437499999 0.109027778125 0.70648148125 0.09652777812499999 0.7 0.0673611109375 0.702777778125 0.06805555625000001 0.7074074078125 0.078472221875 0.7111111109375 0.08055555625000001 0.722222221875 0.0888888890625 0.7259259265625 0.13333333281249998 0.7361111109375 0.23125 0.7509259265625
0 0 0.703703703125 0.026388889062499997 0.7 0.025 0.6916666671875 0.0020833328125000002 0.6824074078125 0 0.6824074078125 0 0.703703703125
0 0.2166666671875 0.5824074078125 0.20486111093749998 0.578703703125 0.177777778125 0.5796296296875 0.16180555624999998 0.5870370375 0.1625 0.5953703703125 0.18055555625 0.6 0.20138888906250002 0.6 0.21319444375000002 0.597222221875 0.21805555625 0.5925925921874999 0.2166666671875 0.5824074078125
0 0.23819444375 0.5796296296875 0.23402777812500003 0.5870370375 0.23402777812500003 0.5944444437499999 0.2375 0.597222221875 0.2513888890625 0.5953703703125 0.2513888890625 0.5833333328125 0.2479166671875 0.5768518515625 0.23819444375 0.5796296296875
0 0.12222222187500001 0.5675925921875 0.0951388890625 0.56851851875 0.08333333281250001 0.575 0.084722221875 0.5824074078125 0.1 0.5851851859375 0.1208333328125 0.5851851859375 0.1451388890625 0.5796296296875 0.140277778125 0.571296296875 0.12222222187500001 0.5675925921875
0 0.2541666671875 0.6231481484375 0.25 0.615740740625 0.23541666718749998 0.6138888890625 0.11944444375 0.6101851859375 0.0875 0.6129629624999999 0.0861111109375 0.6148148140624999 0.09097222187500001 0.61944444375 0.13055555624999998 0.6231481484375 0.23125 0.628703703125 0.2513888890625 0.627777778125 0.2541666671875 0.6231481484375
0 0 0.5935185187500001 0.021527778125 0.5944444437499999 0.03125 0.5888888890625 0.03125 0.5833333328125 0.0270833328125 0.58148148125 0.0048611109375000005 0.5796296296875 0 0.58055555625 0 0.5935185187500001
0 0.34861111093749997 0.54444444375 0.334027778125 0.55 0.334027778125 0.5611111109375 0.3375 0.5675925921875 0.3458333328125 0.5675925921875 0.352777778125 0.55648148125 0.3541666671875 0.547222221875 0.34861111093749997 0.54444444375
0 0.340972221875 0.6203703703125 0.3270833328125 0.625 0.3270833328125 0.634259259375 0.3298611109375 0.6370370375000001 0.3416666671875 0.6351851859375001 0.35 0.6268518515625 0.34930555625 0.622222221875 0.340972221875 0.6203703703125
0 0.5951388890625 0.6083333328125 0.5979166671875 0.603703703125 0.597222221875 0.597222221875 0.5923611109375 0.5944444437499999 0.54444444375 0.590740740625 0.46944444374999994 0.590740740625 0.4486111109375 0.5953703703125 0.45069444374999995 0.6074074078125 0.4770833328125 0.60648148125 0.48472222187499997 0.6101851859375 0.528472221875 0.6074074078125 0.5875 0.6111111109375 0.5951388890625 0.6083333328125
0 0.803472221875 0.6537037031249999 0.8368055562500001 0.6620370375 0.909027778125 0.6611111109375 0.90625 0.6564814812499999 0.80625 0.652777778125 0.803472221875 0.6537037031249999
0 0.7826388890625 0.6583333328125 0.80069444375 0.6537037031249999 0.784722221875 0.6490740734375 0.7489319437499999 0.6490740734375 0.6333333328124999 0.6379629625 0.45208333281249996 0.6324074078125 0.45069444374999995 0.6425925921875 0.45347222187499997 0.64351851875 0.5361111109375 0.64444444375 0.559027778125 0.6509259265625 0.66805555625 0.6583333328125 0.7826388890625 0.6583333328125
0 0.6243055562500001 0.5944444437499999 0.6138888890625 0.5953703703125 0.6111111109375 0.5990740734375 0.61180555625 0.6083333328125 0.6347222218749999 0.61851851875 0.6798611109375 0.6120370375 0.6854166671875 0.6074074078125 0.6805555562500001 0.6018518515625 0.6243055562500001 0.5944444437499999
0 0.6986111109375 0.5546296296875 0.6805555562500001 0.5574074078125 0.6798611109375 0.5638888890625 0.684722221875 0.5666666671875 0.7041666671875 0.5638888890625 0.70625 0.5601851859375 0.7048611109375 0.55648148125 0.6986111109375 0.5546296296875
0 0.9263888890624999 0.625 0.9638888890624999 0.61851851875 0.965972221875 0.6148148140624999 0.9548611109375 0.6111111109375 0.9159722218749999 0.6120370375 0.8951388890624999 0.6083333328125 0.8736111109375001 0.6111111109375 0.814484028125 0.609259259375 0.73055555625 0.6 0.7236111109375 0.6009259265625 0.7194444437499999 0.60555555625 0.7208333328125 0.615740740625 0.7361111109375 0.622222221875 0.7708333328125 0.622222221875 0.7819444437499999 0.6259259265625 0.8756944437499999 0.627777778125 0.9263888890624999 0.625
0 0.98194444375 0.6296296296875 0.98194444375 0.6351851859375001 0.9993055562500001 0.6398148140625 0.9993055562500001 0.6148148140624999 0.98680555625 0.622222221875 0.98194444375 0.6296296296875
0 0.984722221875 0.56851851875 0.9694444437499999 0.5638888890625 0.9583333328125001 0.5666666671875 0.95694444375 0.58148148125 0.96319444375 0.5870370375 0.9861111109375 0.5861111109375 0.9895833328125001 0.5796296296875 0.9888888890624999 0.5722222218749999 0.984722221875 0.56851851875
0 0.921527778125 0.571296296875 0.8763888890624999 0.571296296875 0.8736111109375001 0.58055555625 0.8826388890624999 0.5879629625 0.9131944437499999 0.5851851859375 0.9229166671875 0.58148148125 0.9263888890624999 0.5759259265625001 0.921527778125 0.571296296875
0 0.8666666671875 0.553703703125 0.86944444375 0.5574074078125 0.88055555625 0.553703703125 0.8798611109375001 0.5481481484375 0.8680555562500001 0.547222221875 0.8666666671875 0.553703703125