0 0.53125 0.8268518515625001 0.547222221875 0.81851851875 0.5583333328125 0.821296296875 0.5763888890625 0.8333333328125001 0.615972221875 0.8361111109375001 0.6236111109375 0.83055555625 0.6263888890625 0.81851851875 0.6236111109375 0.809259259375 0.5958333328125 0.8046296296875 0.57569444375 0.8055555562500001 0.5520833328125 0.7925925921875 0.5041666671875 0.7916666671875 0.43958333281249995 0.7814814812499999 0.43055555625 0.7851851859375001 0.427777778125 0.8046296296875 0.43125 0.8111111109375001 0.47569444375 0.8148148140625 0.49305555625 0.8222222218749999 0.5166666671875 0.821296296875 0.53125 0.8268518515625001
0 0.9993055562500001 0.897222221875 0.9993055562500001 0.8759259265624999 0.934722221875 0.8675925921875001 0.9201388890625 0.8601851859374999 0.8958333328125001 0.85555555625 0.86875 0.8546296296874999 0.8583333328125 0.8481481484375 0.834722221875 0.8481481484375 0.8340277781250001 0.852777778125 0.83819444375 0.8574074078124999 0.85555555625 0.8675925921875001 0.9069444437499999 0.8759259265624999 0.9375 0.8898148140625001 0.9993055562500001 0.897222221875
0 0.7805555562500001 0.9444444437499999 0.7798611109375 0.9388888890624999 0.7736111109375 0.9388888890624999 0.76805555625 0.9351851859375 0.7645833328125 0.9268518515625 0.7479166671875 0.9175925921875001 0.7194444437499999 0.9129629625 0.6895833328125 0.9009259265624999 0.6861111109375 0.9037037031249999 0.6854166671875 0.9083333328125001 0.6979166671875 0.9277777781250001 0.7125 0.9370370375 0.7256944437499999 0.940740740625 0.7701388890625 0.940740740625 0.7805555562500001 0.9444444437499999
0 0.75 0.8333333328125001 0.7493055562500001 0.8416666671874999 0.7597222218749999 0.85 0.8326388890624999 0.8509259265625 0.82569444375 0.8444444437499999 0.7625 0.83148148125 0.75 0.8333333328125001
0 0.621759028125 0.86141944375 0.6152777781250001 0.852777778125 0.6076388890625 0.8518518515625001 0.602777778125 0.85648148125 0.6034722218749999 0.86851851875 0.61875 0.88148148125 0.6388888890625 0.8824074078124999 0.6451388890625 0.8768518515625001 0.63819444375 0.86851851875 0.621759028125 0.86141944375
0 0.8534722218749999 0.9888888890624999 0.8673611109375001 0.9861111109375 0.8645833328125001 0.9833333328125 0.8652777781250001 0.977777778125 0.8583333328125 0.9740740734375001 0.8576388890625 0.9694444437499999 0.8513888890624999 0.9685185187500001 0.840972221875 0.9601851859374999 0.8222222218749999 0.959259259375 0.8201388890624999 0.9620370375 0.821527778125 0.9675925921875 0.83125 0.9694444437499999 0.83819444375 0.98055555625 0.8451388890624999 0.9851851859374999 0.8534722218749999 0.9888888890624999
0 0.321527778125 0.7629629625 0.31597222187499996 0.76944444375 0.315277778125 0.775 0.31805555625 0.7796296296875 0.3416666671875 0.7833333328125 0.34305555625 0.7787037031249999 0.3416666671875 0.7666666671875 0.321527778125 0.7629629625
0 0.21180555625 0.75648148125 0.23958333281250002 0.7638888890625 0.26180555625 0.7629629625 0.2638888890625 0.759259259375 0.26319444375 0.7481481484375 0.2104166671875 0.73148148125 0.1111111109375 0.7194444437499999 0.059027778125 0.7 0.032638889062499996 0.6981481484375001 0.03125 0.7046296296875 0.0479166671875 0.7240740734375 0.08541666718749999 0.7351851859375 0.1458333328125 0.74351851875 0.18125 0.753703703125 0.21180555625 0.75648148125
0 0.75555555625 0.6490740734375 0.58194444375 0.6398148140625 0.5458333328125 0.634259259375 0.5173611109375 0.6370370375000001 0.515277778125 0.640740740625 0.5291666671875 0.65 0.6729166671875 0.659259259375 0.7736111109375 0.6574074078125001 0.76875 0.6518518515625 0.75555555625 0.6490740734375
0 0.15625 0.5796296296875 0.140972221875 0.5888888890625 0.1416666671875 0.5962962968750001 0.1541666671875 0.6 0.25069444375 0.5990740734375 0.25069444375 0.5879629625 0.2479166671875 0.5833333328125 0.15625 0.5796296296875
0 0.25486111093749997 0.6240740734375 0.2520833328125 0.6166666671875001 0.12361111093749999 0.6111111109375 0.10625 0.6148148140624999 0.10555555624999999 0.61851851875 0.11388888906250001 0.621296296875 0.1861111109375 0.6240740734375 0.209027778125 0.628703703125 0.246527778125 0.6296296296875 0.25486111093749997 0.6240740734375
0 0.946527778125 0.625 0.9451388890624999 0.63148148125 0.9541666671875 0.6388888890625 0.9993055562500001 0.6398148140625 0.9993055562500001 0.6203703703125 0.95694444375 0.615740740625 0.946527778125 0.625
0 0.83125 0.6555555562500001 0.815277778125 0.6518518515625 0.7986111109375 0.6518518515625 0.7895833328124999 0.6555555562500001 0.7861111109375 0.6574074078125001 0.8048611109375001 0.6629629625 0.8333333328125001 0.6648148140625 0.8861111109375001 0.6620370375 0.8965277781250001 0.6583333328125 0.83125 0.6555555562500001
0 0.102777778125 0.5675925921875 0.07291666718749999 0.5722222218749999 0.0701388890625 0.5759259265625001 0.0770833328125 0.584259259375 0.12222222187500001 0.5824074078125 0.12569444375 0.5768518515625 0.12291666718750001 0.5722222218749999 0.102777778125 0.5675925921875
0 0.45416666718750004 0.6416666671875 0.4611111109375 0.64444444375 0.50555555625 0.6425925921875 0.51180555625 0.6388888890625 0.4548611109375 0.6324074078125 0.45416666718750004 0.6416666671875
0 0.828472221875 0.628703703125 0.8736111109375001 0.628703703125 0.921527778125 0.622222221875 0.9201388890625 0.6148148140624999 0.9111111109375001 0.6129629624999999 0.7979166671875 0.6111111109375 0.70069444375 0.5990740734375 0.6229166671875 0.6018518515625 0.5833333328125 0.5935185187500001 0.5006944437499999 0.5944444437499999 0.4888888890625 0.590740740625 0.4548611109375 0.5935185187500001 0.45416666718750004 0.6083333328125 0.46805555625000006 0.615740740625 0.734027778125 0.622222221875 0.746527778125 0.6259259265625 0.8045833328124999 0.625 0.828472221875 0.628703703125
0 0.33055555625 0.6268518515625 0.3298611109375 0.634259259375 0.3326388890625 0.6370370375000001 0.34305555625 0.6379629625 0.3451388890625 0.634259259375 0.34444444375 0.6268518515625 0.33055555625 0.6268518515625
0 0.34375 0.5759259265625001 0.34930555625 0.577777778125 0.3513888890625 0.565740740625 0.34930555625 0.5629629625 0.34444444375 0.5648148140625 0.34375 0.5759259265625001
0 0.9270833328125001 0.5722222218749999 0.92569444375 0.5796296296875 0.93194444375 0.5851851859375 0.9673611109375001 0.5768518515625 0.9701388890624999 0.5722222218749999 0.9375 0.5666666671875 0.9270833328125001 0.5722222218749999
0 0.902777778125 0.5731481484375001 0.85694444375 0.5722222218749999 0.85555555625 0.577777778125 0.8583333328125 0.5824074078125 0.8729166671874999 0.5861111109375 0.8916666671875 0.5833333328125 0.903472221875 0.5759259265625001 0.902777778125 0.5731481484375001
0 0.984027778125 0.578703703125 0.9833333328125 0.5851851859375 0.9861111109375 0.590740740625 0.9993055562500001 0.5916666671875 0.9993055562500001 0.5740740734374999 0.9902777781250001 0.5731481484375001 0.984027778125 0.578703703125
0 0.7263888890625 0.5518518515624999 0.7326388890625 0.5518518515624999 0.7354166671875 0.5481481484375 0.7326388890625 0.5416666671875 0.72430555625 0.5453703703125 0.7263888890625 0.5518518515624999
0 0.9472222218749999 0.553703703125 0.9361111109375001 0.559259259375 0.9354166671874999 0.5638888890625 0.946527778125 0.5666666671875 0.9541666671875 0.565740740625 0.9604166671875 0.5601851859375 0.9590277781250001 0.55648148125 0.9472222218749999 0.553703703125
0 0.8534722218749999 0.546296296875 0.852777778125 0.553703703125 0.8548611109375001 0.5555555562500001 0.8652777781250001 0.5555555562500001 0.8708333328125001 0.5518518515624999 0.8680555562500001 0.547222221875 0.8534722218749999 0.546296296875