0 0.572221875 0.690740625 0.5826390625 0.6796296875000001 0.5826390625 0.6768515625 0.5701390625 0.6703703125 0.5729171875 0.6611109374999999 0.56944375 0.659259375 0.55625 0.6601859375 0.553471875 0.6666671875 0.5458328125 0.6703703125 0.4888890625 0.6620375000000001 0.45277812500000003 0.6666671875 0.45347187499999997 0.672221875 0.465971875 0.6768515625 0.5111109375 0.68055625 0.52430625 0.6861109375 0.5548609375 0.6898140625 0.572221875 0.690740625
0 0.7840281250000001 0.9546296875 0.7854171875 0.9509265625 0.75069375 0.9148140625 0.7173609375 0.8990734375 0.7083328125 0.8990734375 0.70069375 0.9092593750000001 0.69930625 0.925 0.7013890625 0.9305562500000001 0.71944375 0.9388890625 0.7270828125000001 0.9490734375000001 0.765971875 0.9583328124999999 0.7840281250000001 0.9546296875
0 0.6791671874999999 0.725 0.672221875 0.71851875 0.6590281250000001 0.71944375 0.6111109375 0.7111109375 0.57569375 0.6990734375 0.571528125 0.7009265625000001 0.5833328125 0.715740625 0.61805625 0.7296296875 0.66319375 0.7324078125 0.67430625 0.73055625 0.6791671874999999 0.725
0 0.765971875 0.7509265625 0.7576390625 0.7453703125 0.68819375 0.727778125 0.684028125 0.7296296875 0.684028125 0.7398140625 0.6902781250000001 0.7472218749999999 0.703471875 0.753703125 0.7354171875 0.7620375 0.76805625 0.7583328125000001 0.765971875 0.7509265625
0 0.58680625 0.6083328125 0.640278125 0.6083328125 0.65694375 0.6018515625 0.6895828125000001 0.603703125 0.7 0.6018515625 0.7041671875 0.596296875 0.7013890625 0.5833328125 0.690971875 0.58055625 0.571528125 0.5768515625 0.5611109375 0.584259375 0.5597218749999999 0.5888890625000001 0.5625 0.5953703124999999 0.57569375 0.596296875 0.5791671875 0.5990734375 0.58055625 0.6064812500000001 0.58680625 0.6083328125
0 0.6604171875 0.5509265625 0.6513890625000001 0.5611109375 0.6520828125 0.5675921875000001 0.6625 0.5703703124999999 0.6902781250000001 0.565740625 0.6979171875 0.55648125 0.69444375 0.5518515625 0.6604171875 0.5509265625
0 0.62569375 0.5518515625 0.61805625 0.55648125 0.61805625 0.565740625 0.6236109375 0.56851875 0.64305625 0.5675921875000001 0.6506937500000001 0.5620375 0.6486109375 0.553703125 0.62569375 0.5518515625
0 0.796528125 0.5990734375 0.79375 0.596296875 0.765278125 0.59444375 0.7083328125 0.59351875 0.7013890625 0.6018515625 0.70069375 0.6064812500000001 0.7041671875 0.6120375 0.725 0.615740625 0.7840281250000001 0.6111109375 0.7951390625 0.6046296875 0.796528125 0.5990734375
0 0.7701390625 0.759259375 0.771528125 0.7685187499999999 0.7868062499999999 0.78055625 0.797221875 0.78148125 0.8104171875 0.775 0.80694375 0.76944375 0.7701390625 0.759259375
0 0.93125 0.60555625 0.84930625 0.5990734375 0.8409718749999999 0.603703125 0.840278125 0.6111109375 0.8444437499999999 0.61851875 0.8569437499999999 0.6231484375 0.9984375 0.6231484375 0.9984375 0.6018515625 0.93125 0.60555625
0 0.8055562500000001 0.596296875 0.8013890625 0.6018515625 0.8020828124999999 0.6148140625 0.809028125 0.6175921875 0.822221875 0.6138890625 0.827778125 0.6046296875 0.8236109375 0.597221875 0.8055562500000001 0.596296875
0 0.9756937499999999 0.572221875 0.9756937499999999 0.5768515625 0.98055625 0.58055625 0.9984375 0.5796296875 0.9984375 0.5611109375 0.9833328124999999 0.5601859375 0.9756937499999999 0.572221875
0 0.846875 0.6484375 0.8484375 0.64375 0.7828125 0.634375 0.45625 0.6171875 0.453125 0.628125 0.4609375 0.634375 0.821875 0.6515625 0.846875 0.6484375
0 0.3470640625 0.5645484374999999 0.3518 0.5692875 0.36097812500000004 0.5466984375 0.3541671875 0.5481484375 0.3416671875 0.5509265625 0.3470640625 0.5645484374999999
0 0.4515625 0.55625 0.4453125 0.55625 0.446875 0.565625 0.453125 0.5625 0.4515625 0.55625
0 0.9921875 0.7546875 0.9921875 0.765625 0.9984375 0.7703125 0.9984375 0.75 0.9921875 0.7546875
0 0.7625 0.709375 0.759375 0.7203125 0.76875 0.7234375 0.7734375 0.715625 0.7625 0.709375
0 0.853125 0.5546875 0.8515625 0.5640625 0.8625 0.5671875 0.8640625 0.55625 0.853125 0.5546875
0 0 0.6109375 0.246875 0.615625 0.24375 0.5921875 0.2140625 0.5859375 0.1265625 0.584375 0.1171875 0.5921875 0.10625 0.5875 0.0890625 0.5984375 0 0.596875 0 0.6109375
0 0.128125 0.571875 0.1140625 0.565625 0.1046875 0.575 0.1060046875 0.5813640625 0.1127453125 0.5856546875 0.1225484375 0.5776859375 0.128125 0.571875
0 0.2234375 0.65 0.215625 0.6421875 0.1546875 0.6421875 0.1484375 0.6453125 0.15 0.653125 0.1921875 0.65625 0.2234375 0.65
0 0.9984375 0.5890625 0.9890625 0.5890625 0.98125 0.590625 0.98125 0.5984375 0.9984375 0.603125 0.9984375 0.5890625