0 0 0.6268518515625 0.07430555625 0.63055555625 0.16805555625 0.6416666671875 0.19305555624999998 0.6379629625 0.1888888890625 0.63055555625 0.178472221875 0.627777778125 0.029166667187500002 0.6129629624999999 0 0.6129629624999999 0 0.6268518515625
0 0 0.8018518515625 0.102777778125 0.8259259265625 0.1763888890625 0.85555555625 0.20625 0.8583333328125 0.259722221875 0.871296296875 0.2708333328125 0.86851851875 0.24930555625 0.859259259375 0.24722222187499998 0.847222221875 0.24375 0.8444444437499999 0.2388888890625 0.8462962968750001 0.23680555625 0.840740740625 0.23194444375 0.8388888890624999 0.006944443749999999 0.7768518515625 0 0.7768518515625 0 0.8018518515625
0 0.2479166671875 0.5990740734375 0.24444444375000002 0.597222221875 0.165277778125 0.5898148140624999 0.026388889062499997 0.5861111109375 0.013194443750000001 0.5861111109375 0.009027778125 0.5898148140624999 0.009027778125 0.5953703703125 0.015277778124999999 0.5981481484375 0.0951388890625 0.6111111109375 0.2451388890625 0.6129629624999999 0.2479166671875 0.6101851859375 0.2479166671875 0.5990740734375
0 0.47291666718750003 0.897222221875 0.3861111109375 0.8824074078124999 0.34976875 0.8832324078125 0.35625 0.8912592593750001 0.39560208281250003 0.9023731484375 0.41921319375 0.9073129625 0.44351874999999996 0.9116120375 0.45509236093750005 0.912847221875 0.46898125 0.9054370374999999 0.4773145828125 0.901115740625 0.47291666718750003 0.897222221875
0 0.2416666671875 0.5638888890625 0.23194444375 0.5648148140625 0.225 0.571296296875 0.22430555624999998 0.5796296296875 0.22777777812500002 0.5824074078125 0.2486111109375 0.5796296296875 0.252777778125 0.5722222218749999 0.2513888890625 0.5666666671875 0.2416666671875 0.5638888890625
0 0.2673611109375 0.8490740734375001 0.25694444375000003 0.8601851859374999 0.25625 0.865740740625 0.26597222187499997 0.872222221875 0.28055555625 0.871296296875 0.2854166671875 0.8611111109375 0.27638888906250003 0.8490740734375001 0.2673611109375 0.8490740734375001
0 0.775 0.984259259375 0.7986111109375 0.9990740734375001 0.9013888890624999 0.9990740734375001 0.9055555562500001 0.9898148140625 0.9020833328125001 0.9861111109375 0.7791666671875 0.9685185187500001 0.752777778125 0.9583333328125001 0.6972222218749999 0.9453703703125 0.6645833328124999 0.93148148125 0.64375 0.93148148125 0.6423611109375 0.9351851859375 0.6451388890625 0.9416666671874999 0.653472221875 0.9472222218749999 0.753472221875 0.9759259265625 0.76319444375 0.9824074078124999 0.775 0.984259259375
0 0.6479166671875001 0.9305555562500001 0.6152777781250001 0.9120370375 0.6125 0.9037037031249999 0.6034722218749999 0.89444444375 0.5916666671875 0.89444444375 0.5840277781250001 0.8990740734375 0.5888888890625 0.9101851859375 0.59930555625 0.922222221875 0.640972221875 0.9444444437499999 0.65069444375 0.9444444437499999 0.65069444375 0.934259259375 0.6479166671875001 0.9305555562500001
0 0.78680555625 0.6611111109375 0.7076388890625 0.6629629625 0.6868055562500001 0.6601851859375001 0.6861111109375 0.665740740625 0.6923611109375 0.671296296875 0.7416666671875001 0.678703703125 0.7791666671875 0.6777777781250001 0.7895833328124999 0.66851851875 0.78680555625 0.6611111109375
0 0.45694444375 0.6481481484375 0.45625 0.659259259375 0.4611111109375 0.6620370375 0.5583333328125 0.665740740625 0.571527778125 0.6583333328125 0.5513888890625 0.6509259265625 0.45694444375 0.6481481484375
0 0.953472221875 0.7083333328125 0.952777778125 0.7009259265625001 0.9472222218749999 0.6990740734374999 0.8673611109375001 0.6916666671875 0.8138888890624999 0.6805555562500001 0.8 0.68148148125 0.8020833328125001 0.6898148140625 0.815277778125 0.7 0.8506944437499999 0.7129629625 0.8965277781250001 0.7203703703125 0.9388888890624999 0.7166666671875 0.953472221875 0.7083333328125
0 0.477777778125 0.553703703125 0.46666666718750005 0.5574074078125 0.465972221875 0.5638888890625 0.4701388890625 0.56851851875 0.4798611109375 0.5675925921875 0.48472222187499997 0.5620370375 0.4826388890625 0.5555555562500001 0.477777778125 0.553703703125
0 0.775 0.5509259265625001 0.765277778125 0.546296296875 0.7458333328125 0.546296296875 0.7416666671875001 0.55 0.7395833328125 0.5583333328125 0.746527778125 0.5629629625 0.765277778125 0.5629629625 0.775 0.5601851859375 0.7763888890625 0.55648148125 0.775 0.5509259265625001
0 0.8548611109375001 0.590740740625 0.872222221875 0.584259259375 0.865972221875 0.5759259265625001 0.7958333328125 0.5703703703125 0.752777778125 0.571296296875 0.7416666671875001 0.58148148125 0.7395833328125 0.5898148140624999 0.746527778125 0.5935185187500001 0.80625 0.5953703703125 0.81805555625 0.5953703703125 0.8291666671875 0.590740740625 0.8548611109375001 0.590740740625
0 0.9756944437499999 0.553703703125 0.9770833328125 0.5675925921875 0.9861111109375 0.571296296875 0.9993055562500001 0.5703703703125 0.9993055562500001 0.553703703125 0.98194444375 0.5490740734374999 0.9756944437499999 0.553703703125
0 0.8416666671874999 0.5509259265625001 0.8201388890624999 0.5527777781250001 0.81805555625 0.5574074078125 0.8270833328125 0.5666666671875 0.8458333328125001 0.5675925921875 0.8520833328125 0.5638888890625 0.84930555625 0.55648148125 0.8416666671874999 0.5509259265625001
0 0.7104166671875001 0.5490740734374999 0.7076388890625 0.5527777781250001 0.7104166671875001 0.5629629625 0.73194444375 0.5638888890625 0.734027778125 0.5574074078125 0.73194444375 0.5527777781250001 0.721527778125 0.5490740734374999 0.7104166671875001 0.5490740734374999
0 0.6770833328125 0.5490740734374999 0.68125 0.553703703125 0.6923611109375 0.5509259265625001 0.690277778125 0.5425925921875 0.6798611109375 0.540740740625 0.6770833328125 0.5490740734374999
0 0.67430555625 0.9351851859375 0.6625 0.93148148125 0.6458333328125 0.9324074078125 0.6458333328125 0.9416666671874999 0.652777778125 0.946296296875 0.68125 0.952777778125 0.684027778125 0.9481481484375 0.68125 0.940740740625 0.67430555625 0.9351851859375
0 0.3201388890625 0.86944444375 0.3104166671875 0.8601851859374999 0.29444444375 0.852777778125 0.28680555625 0.8546296296874999 0.2833333328125 0.8620370375 0.2798611109375 0.8629629624999999 0.2826388890625 0.8731481484374999 0.3125 0.878703703125 0.32083333281250004 0.8740740734375001 0.3201388890625 0.86944444375
0 0.62743055625 0.627777778125 0.6493055562500001 0.6324074078125 0.8375 0.6425925921875 0.88125 0.6416666671875 0.93194444375 0.646296296875 0.9993055562500001 0.64444444375 0.9993055562500001 0.634259259375 0.9902777781250001 0.6333333328124999 0.80851875 0.625 0.647222221875 0.6120370375 0.5986111109375 0.6129629624999999 0.58819444375 0.6009259265625 0.5875 0.5962962968750001 0.5798611109375 0.5944444437499999 0.5361111109375 0.5935185187500001 0.51805555625 0.6046296296875 0.4583333328125 0.603703703125 0.4548611109375 0.60555555625 0.4548611109375 0.615740740625 0.46180555625 0.622222221875 0.490972221875 0.621296296875 0.5840277781250001 0.628703703125 0.62743055625 0.627777778125