0 0.3263888890625 0.7125 0.2481486109375 0.71875 0.19305555624999998 0.7166666671875 0.14861111093749999 0.7197916671875 0.1513888890625 0.7322916671875 0.15972222187500001 0.7385416671875 0.352777778125 0.7302083328125 0.3611111109375 0.7260416671875001 0.35555555625 0.7197916671875 0.3263888890625 0.7125
0 0.9388888890624999 0.734375 0.8986111109375001 0.7333333328125 0.8888888890625 0.7364583328125 0.8888888890625 0.74375 0.9067458328125 0.750903125 0.9292333328125 0.7459395828125001 0.9458333328125 0.7447916671875 0.9388888890624999 0.734375
0 0.840277778125 0.5927083328125 0.7666666671875 0.5927083328125 0.765277778125 0.5989583328125 0.7805555562500001 0.6052083328125 0.8430555562500001 0.6104166671875 0.8652777781250001 0.6072916671875 0.85694444375 0.5989583328125 0.840277778125 0.5927083328125
0 0.7236111109375 0.5947916671875 0.727777778125 0.6041666671875 0.7513888890625 0.6104166671875 0.7513888890625 0.5989583328125 0.73055555625 0.59375 0.7236111109375 0.5947916671875
0 0 0.5875 0.1620375 0.593065625 0.2625666671875 0.5791677078124999 0.5555555562500001 0.5916666671875 0.5861111109375 0.5875 0.5916666671875 0.5833333328125 0.5638888890625 0.5760416671875 0.5166666671875 0.5739583328125 0.48055555625 0.5677083328125 0.28194444375 0.56875 0.25 0.5625 0.2236111109375 0.5625 0.19444444375 0.5739583328125 0.16805555625 0.5697916671875001 0.15694444375 0.5604166671875 0.12222222187500001 0.55625 0.09375 0.5708333328124999 0 0.5697916671875001 0 0.5875
0 0.1611111109375 0.5520833328125 0.1541666671875 0.55625 0.1833333328125 0.5625 0.20138888906250002 0.5604166671875 0.2125 0.5541666671875001 0.20833333281250002 0.546875 0.1611111109375 0.5520833328125
0 0.0791666671875 0.5416666671875 0.10138888906250001 0.5427083328125 0.127777778125 0.5322916671875 0.109722221875 0.528125 0.07638888906249999 0.534375 0.0791666671875 0.5416666671875
0 0.36045 0.5176208328125 0.46362500000000006 0.5116645828124999 0.41071388906250006 0.5305260421875 0.5375 0.5291666671875 0.5638888890625 0.5260416671875 0.5722222218749999 0.5208333328125 0.5694444437499999 0.5135416671875 0.4986111109375 0.496875 0.35694444375 0.49375 0.31916666718750003 0.49791666718750005 0.2416666671875 0.49791666718750005 0.2375 0.509375 0.23055555625 0.509375 0.23194444375 0.5135416671875 0.275 0.5166666671875 0.28611111093749997 0.5239583328124999 0.36045 0.5176208328125
0 0 0.3927083328125 0.0625 0.42291666718750004 0.09305555625 0.4270833328125 0.0986111109375 0.434375 0.12222222187500001 0.4291666671875 0.1541666671875 0.4291666671875 0.17361111093749998 0.43958333281249995 0.1833333328125 0.4270833328125 0.21805555625 0.425 0.24722222187499998 0.42604166718750003 0.259722221875 0.43125 0.26944444375 0.4291666671875 0.28194444375 0.43541666718750005 0.31805555625 0.44166666718750003 0.3638888890625 0.4302083328125 0.36805555624999997 0.421875 0.40833333281249995 0.425 0.46388888906250003 0.41979166718750005 0.50555555625 0.425 0.5236111109375 0.41875 0.5763888890625 0.425 0.590277778125 0.4291666671875 0.6013888890625 0.43854166718750004 0.6171291671875 0.43854166718750004 0.6458333328125 0.45 0.6569444437499999 0.44895833281249997 0.6833333328125 0.43541666718750005 0.7111111109375 0.4375 0.7486111109375 0.43125 0.777777778125 0.43333333281249997 0.790277778125 0.42395833281249995 0.8041666671875 0.43125 0.8611111109375 0.4322916671875 0.8819444437499999 0.41979166718750005 0.8916666671875 0.40416666718750005 0.8763888890624999 0.3885416671875 0.5930555562500001 0.3729166671875 0.5291666671875 0.371875 0.49444444374999996 0.3791666671875 0.4583333328125 0.38125 0.44305555625000004 0.378125 0.2666666671875 0.3802083328125 0.1875 0.3729166671875 0.15 0.3760416671875 0.127777778125 0.38333333281250004 0.0416666671875 0.384375 0 0.378125 0 0.3927083328125
0 0.24583333281250003 0.46979166718750004 0.22777777812500002 0.45104166718750005 0.2166666671875 0.453125 0.20416666718749998 0.48125 0.20694444375 0.4875 0.20138888906250002 0.49895833281249996 0.20972222187499998 0.50625 0.2166666671875 0.509375 0.23472222187499997 0.5041666671875 0.24583333281250003 0.46979166718750004
0 0.13055555624999998 0.48541666718750004 0.1166666671875 0.4770833328125 0.11944444375 0.46458333281249997 0.115277778125 0.4604166671875 0.075 0.4614583328125 0.034722221875 0.47083333281249995 0.0333333328125 0.4895833328125 0.055555556250000006 0.5052083328125 0.06527777812499999 0.5052083328125 0.07638888906249999 0.49895833281249996 0.1041666671875 0.49791666718750005 0.13055555624999998 0.48541666718750004
0 0.86944444375 0.5364583328125 0.8833333328125 0.5302083328125 0.8847222218749999 0.5239583328124999 0.8847222218749999 0.5125 0.8652777781250001 0.48125 0.8222222218749999 0.48125 0.7861111109375 0.47083333281249995 0.76944444375 0.4739583328125 0.7541666671875 0.47083333281249995 0.734722221875 0.4791666671875 0.6180555562500001 0.4875 0.60694444375 0.4927083328125 0.60694444375 0.5104166671875 0.6138888890625 0.509375 0.6166666671875001 0.5135416671875 0.6513888890625 0.5145833328125 0.7263888890625 0.5302083328125 0.86944444375 0.5364583328125
0 0.9708333328125001 0.5135416671875 0.9513888890625 0.49583333281249997 0.89305555625 0.484375 0.8791666671874999 0.490625 0.8763888890624999 0.49791666718750005 0.8847222218749999 0.528125 0.9125 0.5375 0.95555555625 0.5375 0.9638888890624999 0.534375 0.9708333328125001 0.5135416671875
0 0.9625 0.39375 0.9111111109375001 0.3885416671875 0.89444444375 0.3927083328125 0.89305555625 0.40729166718750004 0.9069444437499999 0.4135416671875 0.965277778125 0.41979166718750005 0.972222221875 0.415625 0.9736111109375001 0.40416666718750005 0.9625 0.39375
0 0.9986111109375001 0.41770833281249997 0.9986111109375001 0.3927083328125 0.98055555625 0.39375 0.984722221875 0.40833333281249995 0.9986111109375001 0.41770833281249997
0 0.9986111109375001 0.48541666718750004 0.9986111109375001 0.4635416671875 0.9625 0.4635416671875 0.9666666671874999 0.471875 0.9986111109375001 0.48541666718750004
0 0.977777778125 0.5291666671875 0.9833333328125 0.5375 0.9986111109375001 0.5395833328124999 0.9986111109375001 0.5010416671875 0.9763888890624999 0.5041666671875 0.977777778125 0.5291666671875