0 0.58194375 0.7768515625 0.5486109375 0.7657406250000001 0.48055624999999996 0.7527781250000001 0.48541718749999996 0.7629625 0.5125 0.775 0.57569375 0.7888890625 0.5875 0.7861109374999999 0.5881937500000001 0.7833328125000001 0.58194375 0.7768515625
0 0.33680625000000003 0.7629625 0.3298609375 0.7620375 0.325 0.7657406250000001 0.33125 0.79444375 0.352778125 0.7981484375 0.35625 0.7953703125 0.35694375 0.78055625 0.3541671875 0.777778125 0.33680625000000003 0.7629625
0 0.08333281249999999 0.5620375 0.07291718750000001 0.5620375 0.06388906250000001 0.5666671875 0.06180624999999999 0.572221875 0.06527812499999999 0.5768515625 0.08194375000000001 0.5768515625 0.0888890625 0.572221875 0.08819375 0.5666671875 0.08333281249999999 0.5620375
0 0.16180624999999998 0.5666671875 0.1520828125 0.56944375 0.13055624999999998 0.5898140625 0.13194375 0.5953703124999999 0.1541671875 0.5953703124999999 0.16319375 0.5916671874999999 0.1673609375 0.5870375 0.16805625 0.572221875 0.16180624999999998 0.5666671875
0 0.24375 0.602778125 0.246528125 0.5990734375 0.24375 0.5814812500000001 0.18888906249999998 0.58055625 0.1763890625 0.5851859375 0.1763890625 0.5888890625000001 0.18125 0.5898140625 0.1833328125 0.5953703124999999 0.19097187499999999 0.6 0.23402812499999998 0.603703125 0.24375 0.602778125
0 0.24375 0.6120375 0.240971875 0.615740625 0.23263906250000002 0.6101859375 0.21944375 0.6129625 0.2138890625 0.6222218749999999 0.21805625 0.6296296875 0.23819374999999998 0.6333328125000001 0.2486109375 0.6296296875 0.2479171875 0.6194437500000001 0.24375 0.6120375
0 0.60694375 0.64444375 0.5881937500000001 0.6416671875 0.5208328125 0.6379625 0.5055562499999999 0.6268515625 0.49791718749999997 0.628703125 0.490278125 0.625 0.478471875 0.6324078125 0.45416718749999996 0.63148125 0.45208281250000004 0.6361109375 0.45277812500000003 0.6481484375 0.48125 0.6518515625 0.572221875 0.6574078125 0.60694375 0.6546296875000001 0.6111109375 0.6509265625 0.60694375 0.64444375
0 0.328471875 0.6240734375 0.328471875 0.6333328125000001 0.33194375 0.6370375 0.3576390625 0.634259375 0.35555625 0.6203703125 0.34097187500000004 0.61851875 0.328471875 0.6240734375
0 0.353471875 0.578703125 0.3576390625 0.546296875 0.3354171875 0.552778125 0.33680625000000003 0.5759265625000001 0.353471875 0.578703125
0 0.6930562499999999 0.822221875 0.64375 0.790740625 0.6298609374999999 0.790740625 0.6305562499999999 0.7981484375 0.6541671874999999 0.8268515624999999 0.66805625 0.8314812500000001 0.68819375 0.8305562500000001 0.69375 0.8268515624999999 0.6930562499999999 0.822221875
0 0.9984375 0.6435187499999999 0.9984375 0.6203703125 0.91805625 0.6129625 0.8756937499999999 0.6148140625 0.86875 0.6101859375 0.859721875 0.6120375 0.8333328124999999 0.6046296875 0.7208328125000001 0.6046296875 0.6763890625 0.6111109375 0.6263890625 0.6046296875 0.5909718749999999 0.6046296875 0.572221875 0.59444375 0.5395828125000001 0.5981484375 0.459028125 0.596296875 0.45208281250000004 0.6009265625 0.45208281250000004 0.6138890625 0.459028125 0.6175921875 0.49444375 0.6166671874999999 0.51319375 0.621296875 0.575 0.625 0.9984375 0.6435187499999999
0 0.6911765625 0.546428125 0.66875 0.5388890625 0.6541671874999999 0.5435187499999999 0.652778125 0.5518515625 0.6568625 0.5531703125 0.67034375 0.555621875 0.6850484375 0.5562343750000001 0.6917890625 0.5513312499999999 0.6911765625 0.546428125
0 0.5486109375 0.5620375 0.55 0.56851875 0.5763890625 0.56944375 0.5986109374999999 0.5638890625 0.6020828125000001 0.55648125 0.55555625 0.55648125 0.5486109375 0.5620375
0 0.852778125 0.5675921875000001 0.7388890625 0.5638890625 0.71875 0.5601859375 0.709028125 0.5629625 0.70625 0.56851875 0.70625 0.578703125 0.7125 0.5833328125 0.81805625 0.5833328125 0.8444437499999999 0.5796296875 0.85555625 0.5731484375 0.852778125 0.5675921875000001
0 0.8888890625 0.646296875 0.8854171875000001 0.6407406250000001 0.8729171875 0.6379625 0.8305562500000001 0.6398140625 0.828471875 0.6425921875 0.8298609375 0.6490734375 0.8576390625 0.6546296875000001 0.8763890625 0.6546296875000001 0.8854171875000001 0.6518515625 0.8888890625 0.646296875
0 0.9555562500000001 0.659259375 0.959028125 0.6629625 0.9984375 0.665740625 0.9984375 0.6416671875 0.9555562500000001 0.6453703125 0.9555562500000001 0.659259375
0 0.5284718749999999 0.5509265625 0.5201390625 0.55648125 0.51944375 0.5620375 0.5229171874999999 0.5675921875000001 0.540971875 0.5675921875000001 0.5416671875 0.559259375 0.5375 0.5509265625 0.5284718749999999 0.5509265625
0 0 0.59375 0.015625 0.590625 0.01875 0.5828125 0.003125 0.575 0 0.575 0 0.59375