0 0.13819375 0.972221875 0.12013906249999999 0.9666671875 0.09097187500000001 0.9629625 0.0791671875 0.972221875 0.0791671875 0.9824078125 0.09097187500000001 0.9879625000000001 0.12430625 0.9916671875 0.13819375 0.9879625000000001 0.1416671875 0.9824078125 0.13819375 0.972221875
0 0.24027812499999998 0.59444375 0.2201390625 0.590740625 0.2138484375 0.5862671875000001 0.20159375000000002 0.5819765625 0.18137187500000002 0.5862671875000001 0.1537984375 0.5856546875 0.14031875 0.5881062499999999 0.1372546875 0.5813640625 0.1433828125 0.5666546875 0.13480468750000002 0.5672671874999999 0.117646875 0.5776859375 0.12193593750000001 0.585040625 0.1111109375 0.5981484375 0.0349265625 0.60771875 0.0814953125 0.6107828125 0.247221875 0.61851875 0.247221875 0.6092593749999999 0.24027812499999998 0.59444375
0 0.23194374999999998 0.6425921875 0.19305624999999998 0.6425921875 0.18888906249999998 0.646296875 0.1916671875 0.65 0.2041671875 0.653703125 0.23611093749999998 0.653703125 0.240971875 0.65 0.23194374999999998 0.6425921875
0 0.33125 0.65 0.3298609375 0.6611109374999999 0.3326390625 0.665740625 0.35 0.6648140625 0.3548609375 0.6611109374999999 0.353471875 0.647221875 0.33125 0.65
0 0.3020828125 0.9629625 0.2986109375 0.9611109375 0.259721875 0.9509265625 0.247221875 0.959259375 0.246528125 0.9629625 0.25 0.9675921875 0.2701390625 0.975 0.29305625 0.9731484375000001 0.3020828125 0.9666671875 0.3020828125 0.9629625
0 0.4513890625 0.5620375 0.4548609375 0.5675921875000001 0.47083281250000003 0.5638890625 0.465971875 0.5546296875000001 0.45208281250000004 0.55648125 0.4513890625 0.5620375
0 0.7048609375 0.7268515625 0.709028125 0.7203703124999999 0.7020828125 0.7166671874999999 0.678471875 0.715740625 0.6194437500000001 0.7046296875 0.60555625 0.6981484375 0.5993062499999999 0.6861109375 0.590278125 0.6888890625 0.5895828125 0.697221875 0.59305625 0.7046296875 0.6083328125 0.7148140625 0.6388890625 0.7259265625 0.675 0.73055625 0.7048609375 0.7268515625
0 0.5993062499999999 0.6888890625 0.6076390625 0.677778125 0.60555625 0.6740734374999999 0.5881937500000001 0.6731484375 0.57569375 0.6675921875 0.5513890625 0.66944375 0.50069375 0.6611109374999999 0.459028125 0.6648140625 0.4576390625 0.6685187499999999 0.47013906250000004 0.6740734374999999 0.5041671875 0.678703125 0.525 0.677778125 0.5895828125 0.6916671875 0.5993062499999999 0.6888890625
0 0.6690968749999999 0.6 0.7041671875 0.603703125 0.7131937500000001 0.6 0.71875 0.5861109375 0.7159718749999999 0.578703125 0.5875 0.577778125 0.578471875 0.584259375 0.5770828125 0.590740625 0.5798609375 0.5953703124999999 0.5965281250000001 0.6009265625 0.6 0.6083328125 0.64375 0.6064812500000001 0.6690968749999999 0.6
0 0.6513890625000001 0.552778125 0.6263890625 0.55555625 0.625 0.5638890625 0.63125 0.5675921875000001 0.65 0.565740625 0.65694375 0.5601859375 0.65625 0.55555625 0.6513890625000001 0.552778125
0 0.9333328125 0.646296875 0.80069375 0.634259375 0.70694375 0.6324078125 0.5333328125000001 0.621296875 0.44852968750000005 0.6156859375 0.45281874999999994 0.6279453125 0.49791718749999997 0.634259375 0.6201390625000001 0.6388890625 0.7236109374999999 0.6481484375 0.9236109375 0.6509265625 0.9333328125 0.646296875
0 0.571528125 0.66944375 0.584028125 0.66944375 0.5826390625 0.6574078125 0.57430625 0.65648125 0.5701390625 0.6601859375 0.571528125 0.66944375
0 0.84375 0.772221875 0.8409718749999999 0.7666671875 0.8194437499999999 0.7611109375 0.7986109375 0.74351875 0.7458328125 0.7361109375 0.7215281250000001 0.728703125 0.7159718749999999 0.73055625 0.7159718749999999 0.7388890625 0.73194375 0.7546296875 0.802778125 0.7629625 0.8333328124999999 0.778703125 0.8416671875 0.7768515625 0.84375 0.772221875
0 0.7875 0.897221875 0.7798609375 0.897221875 0.7673609375 0.9166671875000001 0.7666671875 0.9203703125 0.7826390625 0.9379625 0.8354171875 0.9490734375000001 0.8451390625 0.94351875 0.83125 0.922221875 0.7875 0.897221875
0 0.8951390625 0.5990734375 0.8743062500000001 0.6018515625 0.8673609375 0.6074078125 0.8673609375 0.6166671874999999 0.8777781250000001 0.6222218749999999 0.9984375 0.6240734375 0.9984375 0.5990734375 0.953471875 0.602778125 0.8951390625 0.5990734375
0 0.875 0.5546296875000001 0.859028125 0.5574078124999999 0.859028125 0.5638890625 0.86319375 0.5675921875000001 0.8743062500000001 0.5703703124999999 0.8791671875 0.5666671875 0.8791671875 0.5601859375 0.875 0.5546296875000001
0 0.9875 0.5796296875 0.9984375 0.5833328125 0.9984375 0.559259375 0.99375 0.5620375 0.9888890625 0.5703703124999999 0.9875 0.5796296875
0 0.6764703125 0.5672671874999999 0.6875 0.5611375 0.6985296875 0.5611375 0.7071078125 0.5525578125 0.6899515625 0.5537828124999999 0.6801468749999999 0.5507187499999999 0.6672796875 0.555009375 0.662378125 0.5574609374999999 0.664215625 0.5672671874999999 0.6764703125 0.5672671874999999
0 0.7781859375 0.60771875 0.782475 0.6107828125 0.79534375 0.60833125 0.811275 0.6003640625 0.8118874999999999 0.5979125 0.8008578125 0.5948484374999999 0.7849265625 0.5948484374999999 0.7781859375 0.5954609375000001 0.7708328125 0.598525 0.7567406250000001 0.5948484374999999 0.7536765625 0.603246875 0.7555140625 0.6144609375 0.771446875 0.60710625 0.7781859375 0.60771875