0 0.909722221875 0.6611111109375 0.909722221875 0.6574074078125001 0.9048611109375001 0.6537037031249999 0.7645833328125 0.6555555562500001 0.7625 0.6574074078125001 0.7673611109375 0.6629629625 0.7826388890625 0.6666666671875 0.8368055562500001 0.6703703703125 0.8854166671874999 0.6675925921875 0.909722221875 0.6611111109375
0 0 0.7240740734375 0.013194443750000001 0.7296296296875 0.11875 0.75555555625 0.15972222187500001 0.7601851859375001 0.19513888906250001 0.76944444375 0.23611111093749998 0.771296296875 0.2541666671875 0.7796296296875 0.259722221875 0.7796296296875 0.26180555625 0.772222221875 0.2576388890625 0.7583333328124999 0.23194444375 0.75 0.21111111093749999 0.747222221875 0.17569444375 0.7351851859375 0.1625 0.7361111109375 0.07083333281250001 0.722222221875 0.040277778125000004 0.7138888890625 0.028472221875 0.703703703125 0.0020833328125000002 0.696296296875 0 0.696296296875 0 0.7240740734375
0 0.25555555625 0.5861111109375 0.2375 0.5833333328125 0.125 0.58148148125 0.1201388890625 0.5861111109375 0.121527778125 0.5953703703125 0.1541666671875 0.6018518515625 0.1916666671875 0.597222221875 0.25625 0.5981481484375 0.259722221875 0.5916666671875 0.25555555625 0.5861111109375
0 0.0916666671875 0.5694444437499999 0.0625 0.5694444437499999 0.05 0.5759259265625001 0.04930555625 0.5796296296875 0.052777778124999994 0.5824074078125 0.071527778125 0.584259259375 0.0916666671875 0.5824074078125 0.09930555625000001 0.5768518515625 0.0916666671875 0.5694444437499999
0 0.25694444375000003 0.627777778125 0.25555555625 0.621296296875 0.2479166671875 0.61851851875 0.22291666718749997 0.6203703703125 0.1375 0.6138888890625 0.134027778125 0.6148148140624999 0.13680555625 0.6203703703125 0.15694444375 0.6259259265625 0.25 0.634259259375 0.25555555625 0.6333333328124999 0.25694444375000003 0.627777778125
0 0.365277778125 0.8138888890624999 0.3645833328125 0.7925925921875 0.35972222187499997 0.7925925921875 0.35972222187499997 0.7833333328125 0.353472221875 0.765740740625 0.3423611109375 0.7731481484375 0.31875 0.7703703703125 0.31319444375 0.7796296296875 0.3125 0.790740740625 0.3166666671875 0.7981481484375 0.34444444375 0.8018518515625 0.35208333281250004 0.8046296296875 0.3611111109375 0.815740740625 0.365277778125 0.8138888890624999
0 0.3326388890625 0.625 0.3333333328125 0.6388888890625 0.34444444375 0.6379629625 0.353472221875 0.64444444375 0.3611111109375 0.6379629625 0.3604166671875 0.625 0.3326388890625 0.625
0 0.48541666718750004 0.834259259375 0.49305555625 0.8296296296874999 0.490972221875 0.8231481484375 0.47569444375 0.8120370375 0.4611111109375 0.809259259375 0.4548611109375 0.8027777781250001 0.4361111109375 0.797222221875 0.43055555625 0.7990740734374999 0.427777778125 0.809259259375 0.4201388890625 0.8148148140625 0.42083333281249996 0.821296296875 0.4236111109375 0.8231481484375 0.4604166671875 0.834259259375 0.48541666718750004 0.834259259375
0 0.55 0.840740740625 0.56805555625 0.8379629625 0.58194444375 0.8259259265625 0.58194444375 0.8175925921875 0.5791666671875 0.8148148140625 0.43125 0.797222221875 0.42430555625000005 0.81851851875 0.45694444375 0.83055555625 0.4861111109375 0.8333333328125001 0.503472221875 0.8240740734375 0.5125 0.83055555625 0.55 0.840740740625
0 0.5923611109375 0.875 0.5833333328125 0.86944444375 0.56875 0.853703703125 0.5458333328125 0.8462962968750001 0.5388888890625 0.8490740734375001 0.5416666671875 0.871296296875 0.55 0.878703703125 0.5736111109375 0.884259259375 0.597222221875 0.88148148125 0.5951388890625 0.8731481484374999 0.5923611109375 0.875
0 0.89305555625 0.6148148140624999 0.877777778125 0.6129629624999999 0.7888888890625 0.6120370375 0.6611111109375 0.5990740734375 0.6347222218749999 0.60648148125 0.6388888890625 0.6111111109375 0.6736111109375 0.621296296875 0.7180555562500001 0.6259259265625 0.875 0.6268518515625 0.89444444375 0.6203703703125 0.89305555625 0.6148148140624999
0 0.7229166671875 0.6546296296875 0.7020833328125 0.6490740734375 0.6451388890625 0.647222221875 0.61319444375 0.640740740625 0.5770833328125 0.6416666671875 0.51319444375 0.6361111109375 0.49375 0.6388888890625 0.4916666671875 0.646296296875 0.49930555625000006 0.6518518515625 0.64444444375 0.659259259375 0.7 0.6583333328125 0.7118055562500001 0.652777778125 0.7229166671875 0.6546296296875
0 0.5722222218749999 0.602777778125 0.5576388890625 0.5916666671875 0.547222221875 0.5888888890625 0.5254631937500001 0.5944444437499999 0.4583333328125 0.5953703703125 0.4576388890625 0.6111111109375 0.46180555625 0.615740740625 0.48541666718750004 0.615740740625 0.49930555625000006 0.6101851859375 0.5604166671875 0.6111111109375 0.5722222218749999 0.602777778125
0 0.6833333328125 0.6074074078125 0.68125 0.5981481484375 0.6120833328125 0.603703703125 0.5708333328124999 0.6 0.5618055562500001 0.60648148125 0.5618055562500001 0.6138888890625 0.5694444437499999 0.6203703703125 0.6333333328124999 0.6120370375 0.6673611109375 0.6148148140624999 0.6763888890625 0.6074074078125 0.6833333328125 0.6074074078125
0 0.90625 0.6268518515625 0.9069444437499999 0.634259259375 0.9145833328125 0.6370370375000001 0.9993055562500001 0.6425925921875 0.9993055562500001 0.622222221875 0.915277778125 0.6148148140624999 0.90625 0.6268518515625
0 0.7708333328125 0.5481481484375 0.7701388890625 0.5574074078125 0.7743055562500001 0.5620370375 0.784027778125 0.5611111109375 0.7881944437499999 0.5555555562500001 0.7833333328125 0.54444444375 0.7708333328125 0.5481481484375
0 0.921527778125 0.5694444437499999 0.9138888890624999 0.5666666671875 0.8993055562500001 0.5666666671875 0.890277778125 0.578703703125 0.890972221875 0.5879629625 0.8979166671875 0.590740740625 0.9131944437499999 0.5861111109375 0.9229166671875 0.5796296296875 0.92430555625 0.5740740734374999 0.921527778125 0.5694444437499999
0 0.7263888890625 0.540740740625 0.7145833328125 0.5416666671875 0.71319444375 0.55 0.7166666671875 0.5555555562500001 0.7208333328125 0.5574074078125 0.7284722218749999 0.5527777781250001 0.7291666671875 0.5453703703125 0.7263888890625 0.540740740625
0 0.840277778125 0.55648148125 0.8486111109375001 0.5583333328125 0.852777778125 0.5546296296875 0.8513888890624999 0.54444444375 0.840277778125 0.54444444375 0.840277778125 0.55648148125
0 0.9388888890624999 0.553703703125 0.9208333328125 0.5518518515624999 0.9131944437499999 0.5555555562500001 0.9125 0.5638888890625 0.9229166671875 0.5703703703125 0.94305555625 0.565740740625 0.9479166671874999 0.5611111109375 0.946527778125 0.55648148125 0.9388888890624999 0.553703703125
0 0.8416666671874999 0.571296296875 0.8361111109375001 0.5740740734374999 0.8354166671875 0.58055555625 0.840972221875 0.5861111109375 0.86875 0.584259259375 0.88125 0.5759259265625001 0.8770833328125001 0.5722222218749999 0.8416666671874999 0.571296296875
0 0.95555555625 0.5759259265625001 0.9541666671875 0.5833333328125 0.959722221875 0.5888888890625 0.9993055562500001 0.5916666671875 0.9993055562500001 0.5740740734374999 0.9583333328125001 0.5731481484375001 0.95555555625 0.5759259265625001
0 0.9826388890625 0.6925925921875 0.9993055562500001 0.6972222218749999 0.9993055562500001 0.6740740734374999 0.98194444375 0.672222221875 0.975 0.6796296296875 0.9826388890625 0.6925925921875
0 0.6979166671875 0.8425925921875 0.6979166671875 0.85 0.7048611109375 0.85555555625 0.7236111109375 0.85648148125 0.7354166671875 0.8490740734375001 0.727777778125 0.8425925921875 0.6979166671875 0.8425925921875
0 0.63819444375 0.8379629625 0.63819444375 0.8425925921875 0.6458333328125 0.8481481484375 0.6569444437499999 0.8453703703125001 0.66180555625 0.8379629625 0.659027778125 0.834259259375 0.63819444375 0.8379629625
0 0.9618055562500001 0.9138888890624999 0.9993055562500001 0.9166666671874999 0.9993055562500001 0.8879629625 0.7875 0.85555555625 0.78680555625 0.8611111109375 0.7979166671875 0.86944444375 0.8395833328125001 0.8768518515625001 0.8763888890624999 0.89351851875 0.9131944437499999 0.8953703703125001 0.9618055562500001 0.9138888890624999
0 0.7673611109375 0.9898148140625 0.775 0.9990740734375001 0.809027778125 0.9990740734375001 0.78125 0.977777778125 0.7083333328125 0.9416666671874999 0.67430555625 0.9277777781250001 0.66180555625 0.9268518515625 0.6451388890625 0.915740740625 0.6229166671875 0.9129629625 0.6208333328125 0.915740740625 0.622222221875 0.9296296296875 0.6361111109375 0.940740740625 0.70555555625 0.9546296296874999 0.7201388890625 0.9666666671874999 0.7673611109375 0.9898148140625
0 0.6895833328125 0.934259259375 0.6555555562500001 0.9231481484374999 0.64444444375 0.915740740625 0.621527778125 0.9138888890624999 0.622222221875 0.9296296296875 0.63680555625 0.940740740625 0.6770833328125 0.9472222218749999 0.69305555625 0.946296296875 0.6951388890625 0.94351851875 0.6895833328125 0.934259259375