0 0.06805625 0.5629625 0.051389062500000006 0.56944375 0.04930625 0.5759265625000001 0.052778124999999995 0.578703125 0.06805625 0.578703125 0.075 0.575 0.07430624999999999 0.5675921875000001 0.06805625 0.5629625
0 0.1375 0.5703703124999999 0.1125 0.5879624999999999 0.1111109375 0.5925921875 0.11527812500000001 0.596296875 0.1388890625 0.59444375 0.1479171875 0.5870375 0.15 0.571296875 0.1375 0.5703703124999999
0 0.2541671875 0.7546296875 0.23125 0.74351875 0.2236109375 0.73055625 0.215278125 0.7314812500000001 0.209721875 0.7472218749999999 0.2173609375 0.75648125 0.23888906250000003 0.76944375 0.25138906250000004 0.7703703125 0.25625 0.7666671875 0.2541671875 0.7546296875
0 0.24375 0.584259375 0.240971875 0.5833328125 0.15694375 0.584259375 0.15555625 0.5898140625 0.16805625 0.6 0.2201390625 0.6046296875 0.24375 0.6046296875 0.2458328125 0.6009265625 0.24375 0.584259375
0 0.2479171875 0.6231484375 0.24236093749999998 0.6194437500000001 0.19375 0.6111109375 0.16944375 0.6129625 0.165971875 0.6148140625 0.165971875 0.6240734375 0.175 0.6296296875 0.24305625000000003 0.6370375 0.2486109375 0.6305562499999999 0.2479171875 0.6231484375
0 0.328471875 0.6240734375 0.3298609375 0.6398140625 0.35069374999999997 0.6388890625 0.3548609375 0.6296296875 0.3541671875 0.6240734375 0.3458328125 0.6175921875 0.328471875 0.6240734375
0 0.23472187500000002 0.56851875 0.2354171875 0.5759265625000001 0.24444375 0.5768515625 0.2479171875 0.56944375 0.2479171875 0.559259375 0.24305625000000003 0.5574078124999999 0.23472187500000002 0.56851875
0 0.1423609375 0.5518515625 0.1354171875 0.5583328125 0.134028125 0.565740625 0.13680625 0.571296875 0.15277812500000001 0.5675921875000001 0.15277812500000001 0.55648125 0.1486109375 0.552778125 0.1423609375 0.5518515625
0 0.23194374999999998 0.6731484375 0.23263906250000002 0.68148125 0.25555625000000004 0.6888890625 0.25694374999999997 0.6861109375 0.2583328125 0.6768515625 0.2548609375 0.6675921875 0.23194374999999998 0.6731484375
0 0.48055624999999996 0.7703703125 0.475 0.7740734375 0.48194375 0.7824078125 0.51180625 0.7898140625 0.5479171875 0.7870375000000001 0.5395828125000001 0.7796296875000001 0.50694375 0.7731484375 0.48055624999999996 0.7703703125
0 0.63125 0.834259375 0.6291671875 0.8259265625 0.609028125 0.8120375 0.5909718749999999 0.7925921875 0.5833328125 0.7888890625 0.56875 0.7888890625 0.5680562499999999 0.79444375 0.57430625 0.8074078124999999 0.5986109374999999 0.834259375 0.609028125 0.8379625 0.6263890625 0.8379625 0.63125 0.834259375
0 0.5881937500000001 0.65 0.5763890625 0.64444375 0.5076390625 0.6407406250000001 0.49097187499999995 0.634259375 0.46319375 0.6305562499999999 0.45416718749999996 0.6305562499999999 0.45069375 0.6416671875 0.45 0.65 0.459028125 0.6546296875000001 0.4923609375 0.6518515625 0.5298609375 0.6574078125 0.58194375 0.65648125 0.5881937500000001 0.65
0 0.565971875 0.553703125 0.54305625 0.55555625 0.5354171875 0.5601859375 0.534721875 0.5675921875000001 0.53819375 0.571296875 0.56944375 0.571296875 0.5826390625 0.5638890625 0.5798609375 0.55648125 0.565971875 0.553703125
0 0.5284718749999999 0.5518515625 0.5083328125000001 0.55555625 0.5076390625 0.5648140625 0.51319375 0.56944375 0.5284718749999999 0.56851875 0.5326390625 0.5629625 0.53194375 0.55555625 0.5284718749999999 0.5518515625
0 0.8368062500000001 0.572221875 0.8270828124999999 0.5675921875000001 0.69930625 0.5620375 0.6854171874999999 0.5629625 0.68055625 0.56851875 0.6798609375 0.5796296875 0.6854171874999999 0.5833328125 0.7125 0.58055625 0.8020828124999999 0.5824078125 0.825 0.5796296875 0.8368062500000001 0.572221875
0 0.67430625 0.5416671875 0.6541671874999999 0.540740625 0.6479171874999999 0.5453703125 0.6479171874999999 0.552778125 0.65625 0.55648125 0.6736109375 0.55648125 0.6819437500000001 0.5490734374999999 0.68055625 0.5435187499999999 0.67430625 0.5416671875
0 0.9368062500000001 0.646296875 0.92569375 0.6546296875000001 0.9270828124999999 0.6620375000000001 0.9368062500000001 0.665740625 0.9984375 0.6666671875 0.9984375 0.6481484375 0.996528125 0.647221875 0.9368062500000001 0.646296875
0 0.80625 0.63125 0.84375 0.6390625 0.9984375 0.6484375 0.9984375 0.6265625 0.953125 0.6203125 0.8140625 0.6171875 0.809375 0.6109375 0.796875 0.6078125 0.6390625 0.6109375 0.56875 0.6078125 0.54375 0.6 0.4640625 0.6 0.4546875 0.6 0.453125 0.615625 0.459375 0.61875 0.696875 0.63125 0.80625 0.63125