0 0 0.602778125 0.15763906249999998 0.6129625 0.24444375 0.6138890625 0.2479171875 0.6111109375 0.2479171875 0.602778125 0.24375 0.597221875 0.18888906249999998 0.5981484375 0.11875 0.5916671874999999 0.013889062499999999 0.5879624999999999 0 0.5879624999999999 0 0.602778125
0 0.14375 0.8731484375 0.1451390625 0.8703703125000001 0.1361109375 0.8574078125 0.11736093750000001 0.8490734375000001 0.0416671875 0.8333328124999999 0.03194375 0.8333328124999999 0.03819375 0.8481484375000001 0.060417187500000004 0.8574078125 0.08680625 0.8620374999999999 0.11805625 0.8731484375 0.14375 0.8731484375
0 0.9984375 0.6351859375 0.7215281250000001 0.6240734375 0.6076390625 0.6148140625 0.5666671875 0.6101859375 0.5333328125000001 0.5981484375 0.509721875 0.5990734375 0.5055562499999999 0.603703125 0.497221875 0.603703125 0.47013906250000004 0.5898140625 0.4583328125 0.59444375 0.45555625 0.6046296875 0.4513890625 0.6074078125 0.4513890625 0.6194437500000001 0.4576390625 0.6259265625 0.76180625 0.6425921875 0.9576390625 0.6481484375 0.9984375 0.646296875 0.9984375 0.6351859375
0 0.2201390625 0.8796296874999999 0.197221875 0.878703125 0.1701390625 0.8657406249999999 0.14444375 0.8657406249999999 0.14375 0.8722218749999999 0.15486093750000002 0.88148125 0.18402812500000001 0.896296875 0.209721875 0.896296875 0.221528125 0.8879625000000001 0.2201390625 0.8796296874999999
0 0.34930625000000004 0.9129625000000001 0.31805625000000004 0.90648125 0.2958328125 0.902778125 0.27847187500000004 0.9055562500000001 0.28680625000000004 0.9194437499999999 0.3020828125 0.928703125 0.334028125 0.9305562500000001 0.34444375 0.9268515624999999 0.3513890625 0.9194437499999999 0.34930625000000004 0.9129625000000001
0 0.6513890625000001 0.99351875 0.6298609374999999 0.98055625 0.49652812500000004 0.9305562500000001 0.48333281250000004 0.9305562500000001 0.4826390625 0.9388890625 0.4861109375 0.94351875 0.5861109375 0.9851859375 0.60625 0.9984375 0.652778125 0.9984375 0.6513890625000001 0.99351875
0 0.9680562500000001 0.947221875 0.95694375 0.9388890625 0.9076390625 0.9305562500000001 0.8770828125 0.9379625 0.84375 0.9370375 0.834028125 0.9333328125 0.82430625 0.9351859375 0.82430625 0.9398140625 0.8409718749999999 0.9518515624999999 0.865971875 0.9629625 0.9555562500000001 0.9555562500000001 0.9638890625000001 0.952778125 0.9680562500000001 0.947221875
0 0.865971875 0.7083328125 0.865971875 0.7046296875 0.8611109375 0.702778125 0.8145828125 0.702778125 0.7388890625 0.6870375 0.7375 0.6925921875000001 0.74375 0.7009265625000001 0.759721875 0.709259375 0.78819375 0.7166671874999999 0.8361109375 0.7203703124999999 0.865971875 0.7083328125
0 0.7166671874999999 0.68148125 0.7243062499999999 0.6759265625 0.7291671875 0.6666671875 0.72569375 0.6638890625 0.6263890625 0.6611109374999999 0.62569375 0.6666671875 0.6298609374999999 0.6731484375 0.6638890625 0.675 0.67569375 0.68055625 0.70069375 0.6824078124999999 0.7166671874999999 0.68148125
0 0.9041671875 0.7138890625000001 0.896528125 0.7175921875 0.896528125 0.722221875 0.9034718749999999 0.7324078125 0.9194437499999999 0.7398140625 0.975 0.74351875 0.984721875 0.7333328125 0.9041671875 0.7138890625000001
0 0.5145828125 0.653703125 0.478471875 0.6509265625 0.46180625 0.6546296875000001 0.46458281250000005 0.6601859375 0.48541718749999996 0.6675921875 0.509028125 0.6685187499999999 0.5284718749999999 0.6611109374999999 0.5256937500000001 0.65555625 0.5145828125 0.653703125
0 0.34652812499999996 0.6361109375 0.33194375 0.6407406250000001 0.3298609375 0.6490734375 0.3326390625 0.652778125 0.35 0.653703125 0.3513890625 0.6509265625 0.35069374999999997 0.6425921875 0.34652812499999996 0.6361109375
0 0.24375 0.575 0.2236109375 0.5731484375 0.20763906250000003 0.5824078125 0.20277812499999998 0.5888890625000001 0.2020828125 0.5953703124999999 0.20763906250000003 0.597221875 0.23472187500000002 0.597221875 0.24444375 0.59444375 0.2479171875 0.5833328125 0.24375 0.575
0 0.8076390625000001 0.578703125 0.7958328125 0.5740734375 0.75069375 0.5759265625000001 0.7041671875 0.571296875 0.6895828125000001 0.577778125 0.6833328125 0.5851859375 0.6833328125 0.590740625 0.6895828125000001 0.59444375 0.7673609375 0.59444375 0.7986109375 0.590740625 0.80694375 0.5833328125 0.8076390625000001 0.578703125
0 0.21319375 0.5675921875000001 0.20486093749999998 0.5648140625 0.1895828125 0.56851875 0.18611093750000002 0.5731484375 0.18611093750000002 0.5796296875 0.18888906249999998 0.5814812500000001 0.2041671875 0.5814812500000001 0.215278125 0.5731484375 0.21319375 0.5675921875000001
0 0.678471875 0.5509265625 0.677778125 0.55648125 0.6833328125 0.5629625 0.69375 0.5620375 0.6986109375 0.5574078124999999 0.696528125 0.55 0.678471875 0.5509265625
0 0.75694375 0.5481484375 0.7423609375 0.5509265625 0.73194375 0.54444375 0.728471875 0.54444375 0.722221875 0.553703125 0.722221875 0.5601859375 0.727778125 0.5638890625 0.75625 0.5620375 0.7625 0.55648125 0.7625 0.552778125 0.75694375 0.5481484375
0 0.66319375 0.5509265625 0.6770828125 0.5509265625 0.67430625 0.5416671875 0.66944375 0.5388890625 0.6638890625 0.540740625 0.66319375 0.5509265625