0 0 0.6074078125 0.2291671875 0.615740625 0.2416671875 0.615740625 0.24444375 0.6101859375 0.24375 0.5870375 0.23888906250000003 0.5814812500000001 0.227778125 0.5824078125 0.21805625 0.5916671874999999 0.21875 0.5953703124999999 0.20902812499999998 0.5990734375 0.003471875 0.5916671874999999 0 0.5925921875 0 0.6074078125
0 0 0.6324078125 0.08333281249999999 0.6416671875 0.0979171875 0.6416671875 0.10416718750000001 0.6361109375 0.10277812500000001 0.6305562499999999 0.09236093749999999 0.6277781250000001 0.002778125 0.61851875 0 0.61851875 0 0.6324078125
0 0.16944375 0.565740625 0.15902812500000002 0.5731484375 0.1583328125 0.5796296875 0.1611109375 0.5824078125 0.17569375 0.5824078125 0.18819375 0.5759265625000001 0.18888906249999998 0.56944375 0.16944375 0.565740625
0 0.2145828125 0.578703125 0.18680625 0.5759265625000001 0.17430625 0.5851859375 0.1729171875 0.5925921875 0.17569375 0.596296875 0.20069374999999998 0.597221875 0.215971875 0.59444375 0.2208328125 0.5833328125 0.2145828125 0.578703125
0 0.24444375 0.6407406250000001 0.23680625000000002 0.6388890625 0.172221875 0.6379625 0.16944375 0.6416671875 0.1708328125 0.6435187499999999 0.1833328125 0.6481484375 0.24375 0.6509265625 0.2458328125 0.647221875 0.24444375 0.6407406250000001
0 0 0.871296875 0.05694375 0.8833328125 0.0888890625 0.9018515624999999 0.1 0.9009265624999999 0.134721875 0.9092593750000001 0.14375 0.9046296875 0.1458328125 0.9 0.1388890625 0.89444375 0.11319375000000001 0.8898140625 0.0625 0.86851875 0.00625 0.853703125 0 0.853703125 0 0.871296875
0 0.23055625000000002 0.5796296875 0.222221875 0.5851859375 0.21875 0.5953703124999999 0.2236109375 0.6009265625 0.24236093749999998 0.6009265625 0.2451390625 0.597221875 0.24236093749999998 0.58055625 0.23055625000000002 0.5796296875
0 0.3083328125 0.9305562500000001 0.2708328125 0.9259265624999999 0.2451390625 0.927778125 0.2201390625 0.925 0.20138906250000002 0.9111109374999999 0.18819375 0.9101859375 0.18819375 0.915740625 0.1923609375 0.9203703125 0.23819374999999998 0.9518515624999999 0.2958328125 0.946296875 0.3166671875 0.9351859375 0.3083328125 0.9305562500000001
0 0.9984375 0.6388890625 0.9715281250000001 0.6361109375 0.621528125 0.6203703125 0.4875 0.6064812500000001 0.45416718749999996 0.60555625 0.4486109375 0.6120375 0.45208281250000004 0.6268515625 0.49375 0.63148125 0.871528125 0.6490734375 0.9666671875 0.6490734375 0.9984375 0.6435187499999999 0.9984375 0.6388890625
0 0.49652812500000004 0.65648125 0.44930624999999996 0.65555625 0.4479171875 0.6638890625 0.45069375 0.6703703125 0.49097187499999995 0.671296875 0.503471875 0.6675921875 0.509028125 0.6620375000000001 0.49652812500000004 0.65648125
0 0.48541718749999996 0.9185187499999999 0.45694375000000004 0.9101859375 0.44305625 0.9111109374999999 0.4236109375 0.903703125 0.4138890625 0.9046296875 0.40763906250000004 0.9101859375 0.40694375000000005 0.9148140625 0.41944375 0.9296296875 0.43680624999999995 0.9333328125 0.46805624999999995 0.9305562500000001 0.48680625 0.9231484375000001 0.48541718749999996 0.9185187499999999
0 0.7986109375 0.7074078125 0.7854171875 0.7083328125 0.6986109375 0.6925921875000001 0.6895828125000001 0.6879625 0.6854171874999999 0.6879625 0.684028125 0.6916671875 0.6854171874999999 0.7009265625000001 0.734721875 0.71944375 0.7791671874999999 0.722221875 0.796528125 0.71851875 0.8041671875 0.7120375 0.7986109375 0.7074078125
0 0.9701390625 0.7583328125000001 0.9395828125 0.7425921875 0.9333328125 0.7425921875 0.9263890625 0.75 0.92569375 0.7583328125000001 0.93125 0.7648140625 0.9541671875000001 0.771296875 0.9984375 0.772221875 0.9984375 0.7629625 0.9701390625 0.7583328125000001
0 0.6770828125 0.6685187499999999 0.6277781250000001 0.6629625 0.5909718749999999 0.6620375000000001 0.584028125 0.6666671875 0.584721875 0.6731484375 0.5916671874999999 0.6768515625 0.65694375 0.6851859375 0.6701390625 0.6824078124999999 0.68055625 0.6731484375 0.6770828125 0.6685187499999999
0 0.675 0.5490734374999999 0.6583328125000001 0.5490734374999999 0.6576390625 0.5611109375 0.6604171875 0.5648140625 0.6770828125 0.5638890625 0.684028125 0.5574078124999999 0.6819437500000001 0.5518515625 0.675 0.5490734374999999
0 0.7361109375 0.5490734374999999 0.72569375 0.5518515625 0.7048609375 0.55 0.7013890625 0.553703125 0.702778125 0.5629625 0.7166671874999999 0.5648140625 0.73055625 0.5638890625 0.7416671874999999 0.55648125 0.7416671874999999 0.552778125 0.7361109375 0.5490734374999999
0 0.8020828124999999 0.540740625 0.796528125 0.54444375 0.7958328125 0.552778125 0.8020828124999999 0.55555625 0.81805625 0.55 0.8208328125 0.5453703125 0.81805625 0.540740625 0.8020828124999999 0.540740625
0 0.9666671875 0.6064812500000001 0.9736109374999999 0.6166671874999999 0.9984375 0.6166671874999999 0.9984375 0.597221875 0.9673609375 0.596296875 0.9666671875 0.6064812500000001
0 0.91875 0.7361109375 0.9138890625 0.7324078125 0.83819375 0.7203703124999999 0.8326390625 0.722221875 0.8333328124999999 0.7314812500000001 0.8395828125 0.7398140625 0.8576390625 0.746296875 0.8993062500000001 0.7509265625 0.91875 0.7398140625 0.91875 0.7361109375
0 0.9048609375 0.99444375 0.9236109375 0.9824078125 0.9291671875 0.9740734375000001 0.9236109375 0.9694437499999999 0.8416671875 0.9629625 0.8145828125 0.9666671875 0.7770828125 0.9657406249999999 0.7527781250000001 0.9601859375 0.74375 0.9629625 0.74305625 0.9666671875 0.746528125 0.9703703125 0.7840281250000001 0.9916671875 0.83125 0.9925921875 0.8875 0.9984375 0.9048609375 0.99444375
0 0.684375 0.6046875 0.703125 0.5953125 0.7609375 0.596875 0.76875 0.584375 0.7640625 0.575 0.703125 0.5765625 0.66875 0.571875 0.6640625 0.571875 0.653125 0.575 0.6453125 0.5875 0.671875 0.6046875 0.684375 0.6046875