0 0.26171875 0.58828125 0.25078125 0.58828125 0.25078125 0.59765625 0.26171875 0.59765625 0.26171875 0.58828125
0 0 0.7361109375 0.002778125 0.7370375 0.1513890625 0.771296875 0.196528125 0.7740734375 0.2125 0.78148125 0.25069375 0.7898140625 0.25694374999999997 0.7898140625 0.259028125 0.7861109374999999 0.259721875 0.775 0.25555625000000004 0.7685187499999999 0.2229171875 0.7574078125 0.12638906249999998 0.7361109375 0.0020828125 0.7175921875 0 0.7175921875 0 0.7361109375
0 0.359028125 0.8083328125 0.3416671875 0.7851859375 0.3298609375 0.7796296875000001 0.3208328125 0.7796296875000001 0.31388906250000004 0.7861109374999999 0.31180625 0.7935187499999999 0.31180625 0.803703125 0.328471875 0.8166671875 0.352778125 0.825 0.36875 0.8240734375000001 0.36875 0.8148140625 0.359028125 0.8083328125
0 0.5055562499999999 0.846296875 0.5104171875 0.8444437499999999 0.540278125 0.852778125 0.559028125 0.8648140625 0.5951390625 0.8657406249999999 0.6194437500000001 0.8611109375 0.6263890625 0.8574078125 0.628471875 0.8509265625 0.6277781250000001 0.8416671875 0.625 0.8398140625 0.57569375 0.84351875 0.5513890625 0.8240734375000001 0.5423609375 0.822221875 0.49861093749999996 0.8175921875000001 0.48125 0.822221875 0.4798609375 0.8370374999999999 0.4861109375 0.8453703125 0.5020828125000001 0.8546296874999999 0.50625 0.853703125 0.5041671875 0.8518515624999999 0.5055562499999999 0.846296875
0 0.43888906250000004 0.8101859375 0.41875 0.8083328125 0.4138890625 0.8203703125 0.41527812500000005 0.8361109375 0.4298609375 0.8407406249999999 0.46180625 0.8379625 0.46944375000000005 0.8314812500000001 0.46805624999999995 0.827778125 0.43888906250000004 0.8101859375
0 0.28125 0.797221875 0.28680625000000004 0.7990734374999999 0.2888890625 0.7796296875000001 0.2833328125 0.778703125 0.28125 0.7861109374999999 0.28125 0.797221875
0 0.397221875 0.8074078124999999 0.3888890625 0.8074078124999999 0.38680625 0.8231484375000001 0.38819375 0.828703125 0.3923609375 0.8305562500000001 0.397221875 0.825 0.3986109375 0.8120375 0.397221875 0.8074078124999999
0 0.7486109375 0.99351875 0.6576390625 0.9425921875000001 0.6354171875 0.9370375 0.5916671874999999 0.9175921875 0.5791671875 0.9185187499999999 0.575 0.9231484375000001 0.57569375 0.9305562500000001 0.5895828125 0.9444437499999999 0.63194375 0.9555562500000001 0.728471875 0.9984375 0.7520828125000001 0.9984375 0.7486109375 0.99351875
0 0.9984375 0.921296875 0.9984375 0.9009265624999999 0.996528125 0.9 0.9041671875 0.8916671875000001 0.8680562500000001 0.88055625 0.8388890625000001 0.88148125 0.81875 0.875 0.79444375 0.875 0.7958328125 0.88055625 0.8208328125 0.8953703125000001 0.8541671875000001 0.896296875 0.8854171875000001 0.9018515624999999 0.9041671875 0.915740625 0.9984375 0.921296875
0 0.07291718750000001 0.56944375 0.040278125 0.5731484375 0.03819375 0.5796296875 0.0451390625 0.5833328125 0.0708328125 0.584259375 0.08333281249999999 0.5796296875 0.08055625 0.572221875 0.07291718750000001 0.56944375
0 0.222221875 0.621296875 0.125 0.6129625 0.0916671875 0.6138890625 0.08680625 0.6148140625 0.0875 0.6222218749999999 0.21805625 0.634259375 0.2236109375 0.634259375 0.22430625 0.628703125 0.222221875 0.621296875
0 0.6875 0.6574078125 0.6923609374999999 0.653703125 0.6854171874999999 0.6481484375 0.6354171875 0.6490734375 0.59375 0.6416671875 0.5320828125 0.6416671875 0.5013890625 0.6370375 0.47430625 0.6398140625 0.47291718749999995 0.647221875 0.47777812500000005 0.6509265625 0.5270828125 0.6518515625 0.5798609375 0.659259375 0.671528125 0.659259375 0.6875 0.6574078125
0 0.9984375 0.5731484375 0.9375 0.572221875 0.9354171875 0.58055625 0.9388890625 0.5851859375 0.953471875 0.590740625 0.9770828125 0.5916671874999999 0.9984375 0.5870375 0.9984375 0.5731484375
0 0.9604171875 0.6740734374999999 0.9506937499999999 0.6768515625 0.9506937499999999 0.6870375 0.9576390625 0.69351875 0.9984375 0.702778125 0.9984375 0.678703125 0.9673609375 0.677778125 0.9604171875 0.6740734374999999
0 0.89444375 0.6583328125000001 0.890971875 0.65555625 0.7486109375 0.65555625 0.75 0.6620375000000001 0.75694375 0.665740625 0.79444375 0.66944375 0.875 0.6675921875 0.8881937499999999 0.6648140625 0.89444375 0.6583328125000001
0 0.2583328125 0.597221875 0.25625 0.5888890625000001 0.2145828125 0.5851859375 0.18402812500000001 0.5870375 0.18055625 0.5916671874999999 0.18472187499999998 0.602778125 0.18888906249999998 0.603703125 0.20347187500000002 0.6 0.25555625000000004 0.602778125 0.2583328125 0.597221875
0 0.1986109375 0.5990734375 0.20486093749999998 0.5916671874999999 0.20138906250000002 0.5870375 0.15902812500000002 0.5824078125 0.1104171875 0.5814812500000001 0.10416718750000001 0.5870375 0.1048609375 0.5953703124999999 0.13680625 0.6018515625 0.16180624999999998 0.602778125 0.177778125 0.5981484375 0.19027812500000002 0.6018515625 0.1986109375 0.5990734375
0 0.23194374999999998 0.6175921875 0.215971875 0.6222218749999999 0.2173609375 0.6296296875 0.22638906250000002 0.6333328125000001 0.25555625000000004 0.6361109375 0.259721875 0.6305562499999999 0.25694374999999997 0.625 0.23194374999999998 0.6175921875
0 0.33194375 0.6305562499999999 0.334028125 0.6416671875 0.3458328125 0.6416671875 0.3458328125 0.6296296875 0.334028125 0.6277781250000001 0.33194375 0.6305562499999999
0 0.7076390625 0.5425921875 0.7076390625 0.552778125 0.7173609375 0.553703125 0.7243062499999999 0.5490734374999999 0.7243062499999999 0.54444375 0.7201390625 0.540740625 0.7076390625 0.5425921875
0 0.7625 0.5509265625 0.76180625 0.55648125 0.765971875 0.5620375 0.7798609375 0.55648125 0.7798609375 0.552778125 0.77430625 0.5490734374999999 0.7625 0.5509265625
0 0.8229171875000001 0.5731484375 0.8236109375 0.58055625 0.8326390625 0.5851859375 0.8548609375 0.5833328125 0.8618062500000001 0.577778125 0.8611109375 0.571296875 0.8229171875000001 0.5731484375
0 0.88055625 0.5666671875 0.8666671875 0.5796296875 0.8666671875 0.5888890625000001 0.88055625 0.590740625 0.89444375 0.5851859375 0.90625 0.575 0.9 0.56944375 0.88055625 0.5666671875
0 0.8895828124999999 0.6138890625 0.8819437499999999 0.6166671874999999 0.8798609374999999 0.6296296875 0.8895828124999999 0.6361109375 0.9984375 0.6398140625 0.9984375 0.625 0.9173609375 0.6194437500000001 0.8895828124999999 0.6138890625
0 0.9013890625000001 0.55555625 0.8986109375 0.5638890625 0.902778125 0.5666671875 0.9243062500000001 0.5648140625 0.9270828124999999 0.5601859375 0.9229171875000001 0.5546296875000001 0.9013890625000001 0.55555625
0 0.53125 0.59375 0.5046875 0.5984375 0.465625 0.596875 0.459375 0.6 0.4578125 0.6125 0.4625 0.6171875 0.5046875 0.6125 0.55625 0.621875 0.634375 0.6125 0.6546875 0.621875 0.7609375 0.621875 0.778125 0.6265625 0.8453125 0.6265625 0.8734375 0.61875 0.84375 0.6125 0.6796875 0.60625 0.6703125 0.603125 0.6640625 0.590625 0.6609375 0.5875 0.6453125 0.6 0.590625 0.6046875 0.546875 0.6 0.53125 0.59375