0 0.25347222187499996 0.5833333328125 0.13819444375 0.58055555625 0.1291666671875 0.5851851859375 0.12847222187500001 0.5953703703125 0.140972221875 0.6 0.24930555625 0.5990740734375 0.259027778125 0.5944444437499999 0.25833333281250004 0.5870370375 0.25347222187499996 0.5833333328125
0 0.25555555625 0.61851851875 0.2520833328125 0.6175925921875 0.1111111109375 0.6101851859375 0.0513888890625 0.6101851859375 0.040972221875 0.6138888890625 0.04444444375 0.61944444375 0.09930555625000001 0.6240740734375 0.25069444375 0.6324074078125 0.25555555625 0.6324074078125 0.25694444375000003 0.628703703125 0.25555555625 0.61851851875
0 0 0.7138888890625 0.0298611109375 0.728703703125 0.21458333281250003 0.7675925921875 0.24930555625 0.76851851875 0.2576388890625 0.7731481484375 0.26319444375 0.76944444375 0.26180555625 0.75648148125 0.2375 0.747222221875 0.215277778125 0.7453703703125 0.19097222187500001 0.7351851859375 0.1548611109375 0.728703703125 0.1201388890625 0.7268518515625 0.071527778125 0.7185185187500001 0.0375 0.7009259265625001 0.0111111109375 0.6972222218749999 0 0.6990740734374999 0 0.7138888890625
0 0.33055555625 0.6324074078125 0.334027778125 0.6388888890625 0.35069444375000003 0.6370370375000001 0.34930555625 0.625 0.33125 0.625 0.33055555625 0.6324074078125
0 0.34375 0.575 0.34861111093749997 0.5759259265625001 0.352777778125 0.5722222218749999 0.352777778125 0.5601851859375 0.3423611109375 0.5638888890625 0.34375 0.575
0 0.3576388890625 0.7787037031249999 0.346527778125 0.7703703703125 0.3333333328125 0.7666666671875 0.31805555625 0.7675925921875 0.3145833328125 0.771296296875 0.31319444375 0.7833333328125 0.31597222187499996 0.790740740625 0.34375 0.7981481484375 0.3576388890625 0.7981481484375 0.35902777812500003 0.7953703703125 0.3576388890625 0.7787037031249999
0 0.5069444437499999 0.8194444437499999 0.48541666718750004 0.803703703125 0.44305555625000004 0.79351851875 0.43125 0.7925925921875 0.428472221875 0.796296296875 0.4236111109375 0.8101851859375 0.4298611109375 0.81851851875 0.4923611109375 0.8296296296874999 0.5020833328125 0.8296296296874999 0.5076388890625 0.825 0.5069444437499999 0.8194444437499999
0 0.09444444375 0.56851851875 0.072222221875 0.56851851875 0.059027778125 0.5722222218749999 0.05625 0.5796296296875 0.0638888890625 0.5833333328125 0.0875 0.584259259375 0.10694444375 0.5796296296875 0.102777778125 0.571296296875 0.09444444375 0.56851851875
0 0.49791666718750005 0.5944444437499999 0.45625 0.5935185187500001 0.45625 0.6120370375 0.4583333328125 0.6148148140624999 0.48819444375 0.6148148140624999 0.515972221875 0.603703703125 0.51805555625 0.6 0.49791666718750005 0.5944444437499999
0 0.58125 0.6175925921875 0.5888888890625 0.6175925921875 0.6111111109375 0.6148148140624999 0.61319444375 0.6101851859375 0.6083333328125 0.603703703125 0.553472221875 0.5898148140624999 0.534027778125 0.5944444437499999 0.45694444375 0.5935185187500001 0.45694444375 0.6120370375 0.46180555625 0.6148148140624999 0.4875 0.6148148140624999 0.5069444437499999 0.6083333328125 0.5625 0.6083333328125 0.58125 0.6175925921875
0 0.7083333328125 0.65 0.51805555625 0.634259259375 0.5048611109375 0.6370370375000001 0.5013888890625 0.646296296875 0.5076388890625 0.6509259265625 0.6076388890625 0.6583333328125 0.6770833328125 0.659259259375 0.70555555625 0.6555555562500001 0.7083333328125 0.65
0 0.6145833328125 0.602777778125 0.609027778125 0.60648148125 0.6145833328125 0.615740740625 0.6493055562500001 0.6111111109375 0.6520833328125 0.6046296296875 0.65 0.6 0.6145833328125 0.602777778125
0 0.9041666671874999 0.61851851875 0.9 0.6148148140624999 0.8729166671874999 0.6120370375 0.8027777781250001 0.6111111109375 0.675 0.5990740734375 0.66180555625 0.5990740734375 0.6541666671875 0.603703703125 0.6548611109375 0.6111111109375 0.6798611109375 0.621296296875 0.7298611109375 0.625 0.871527778125 0.6268518515625 0.8888888890625 0.6259259265625 0.9041666671874999 0.61851851875
0 0.59930555625 0.8194444437499999 0.59930555625 0.8138888890624999 0.5958333328125 0.8120370375 0.534722221875 0.8074074078125 0.5166666671875 0.7981481484375 0.5041666671875 0.8018518515625 0.5048611109375 0.8074074078125 0.5201388890625 0.815740740625 0.5354166671875 0.8296296296874999 0.565972221875 0.8425925921875 0.584722221875 0.8379629625 0.59930555625 0.8194444437499999
0 0.5958333328125 0.8703703703125001 0.5854166671875001 0.85555555625 0.578472221875 0.8509259265625 0.5694444437499999 0.8509259265625 0.565972221875 0.85555555625 0.5645833328125 0.8629629624999999 0.56805555625 0.8740740734375001 0.5875 0.884259259375 0.61180555625 0.884259259375 0.6104166671875 0.878703703125 0.5958333328125 0.8703703703125001
0 0.71319444375 0.9333333328125001 0.7048611109375 0.9277777781250001 0.6451388890625 0.909259259375 0.6423611109375 0.9148148140625001 0.6465277781250001 0.9277777781250001 0.65625 0.9398148140625 0.6923611109375 0.9444444437499999 0.7173611109375 0.9425925921875 0.71319444375 0.9333333328125001
0 0.725 0.8351851859374999 0.715972221875 0.8379629625 0.715277778125 0.8453703703125001 0.72430555625 0.85555555625 0.74375 0.8546296296874999 0.7513888890625 0.85 0.7493055562500001 0.8416666671874999 0.725 0.8351851859374999
0 0.9993055562500001 0.9120370375 0.9993055562500001 0.8833333328125 0.8993055562500001 0.871296296875 0.81805555625 0.852777778125 0.8020833328125001 0.853703703125 0.8020833328125001 0.8611111109375 0.809027778125 0.8648148140625 0.8270833328125 0.8666666671875 0.83819444375 0.8731481484374999 0.878472221875 0.884259259375 0.9993055562500001 0.9120370375
0 0.778472221875 0.9611111109375001 0.7597222218749999 0.95 0.7430555562500001 0.9509259265625 0.74444444375 0.9583333328125001 0.80694444375 0.9990740734375001 0.8458333328125001 0.9990740734375001 0.8361111109375001 0.9898148140625 0.7979166671875 0.9666666671874999 0.778472221875 0.9611111109375001
0 0.9083333328125001 0.6546296296875 0.777777778125 0.6537037031249999 0.7763888890625 0.659259259375 0.778472221875 0.6620370375 0.7986111109375 0.6675925921875 0.8951388890624999 0.6666666671875 0.9159722218749999 0.659259259375 0.9083333328125001 0.6546296296875
0 0.9583333328125001 0.6166666671875001 0.93125 0.6148148140624999 0.921527778125 0.6231481484375 0.91944444375 0.63055555625 0.9270833328125001 0.6370370375000001 0.9993055562500001 0.64444444375 0.9993055562500001 0.621296296875 0.9666666671874999 0.621296296875 0.9583333328125001 0.6166666671875001
0 0.84375 0.5722222218749999 0.8416666671874999 0.578703703125 0.84930555625 0.5870370375 0.8951388890624999 0.5796296296875 0.89305555625 0.5731481484375001 0.88680555625 0.571296296875 0.84375 0.5722222218749999
0 0.921527778125 0.5648148140625 0.909027778125 0.565740740625 0.903472221875 0.5731481484375001 0.9013888890624999 0.584259259375 0.9055555562500001 0.5888888890625 0.9229166671875 0.5861111109375 0.9326388890624999 0.5759259265625001 0.9298611109375001 0.56851851875 0.921527778125 0.5648148140625
0 0.9270833328125001 0.5490740734374999 0.91944444375 0.5555555562500001 0.9208333328125 0.565740740625 0.93125 0.5703703703125 0.9479166671874999 0.5694444437499999 0.95555555625 0.5601851859375 0.9451388890624999 0.5481481484375 0.9270833328125001 0.5490740734374999
0 0.96319444375 0.5796296296875 0.96319444375 0.5879629625 0.9666666671874999 0.5916666671875 0.9993055562500001 0.5925925921874999 0.9993055562500001 0.5740740734374999 0.9701388890624999 0.5740740734374999 0.96319444375 0.5796296296875
0 0.9993055562500001 0.696296296875 0.9993055562500001 0.6731481484375 0.9916666671875 0.6777777781250001 0.9951388890624999 0.6925925921875 0.9993055562500001 0.696296296875