0 0.52578125 0.6625 0.55078125 0.6777777781250001 0.646875 0.709722221875 0.659375 0.7194444437499999 0.7140625 0.7402777781250001 0.81796875 0.76805555625 0.91640625 0.775 0.94453125 0.7638888890625 0.9640625 0.775 0.99921875 0.784722221875 0.99921875 0.7375 0.99453125 0.73194444375 0.97734375 0.7291666671875 0.9546875 0.7083333328125 0.9265625 0.7083333328125 0.846875 0.684722221875 0.79296875 0.6791666671875001 0.7625 0.6666666671875 0.70703125 0.6611111109375 0.67421875 0.6458333328125 0.56640625 0.6208333328125 0.5171875 0.5986111109375 0.3484375 0.5513888890625 0.34453125 0.5527777781250001 0.34140625 0.5694444437499999 0.33046875 0.575 0.33125 0.5888888890625 0.33828125 0.6 0.35546875 0.6125 0.4484375 0.6347222218749999 0.4875 0.6541666671875 0.52578125 0.6625
0 0 0.5208333328125 0.053125 0.5263888890625 0.07734375 0.5375 0.12265625 0.5458333328125 0.165625 0.5611111109375 0.2171875 0.5638888890625 0.2625 0.5875 0.303125 0.590277778125 0.303125 0.6 0.309375 0.60694444375 0.33203125 0.5986111109375 0.33984375 0.5833333328125 0.33828125 0.5666666671875 0.29921875 0.5513888890625 0.2953125 0.5541666671875001 0.28515625 0.534722221875 0.26953125 0.534722221875 0.21796875 0.5111111109375 0.14921875 0.5069444437499999 0.14296875 0.497222221875 0.1265625 0.4861111109375 0.09609375 0.4875 0.071875 0.48194444374999995 0.0484375 0.4888888890625 0.01328125 0.4611111109375 0 0.4625 0 0.5208333328125
0 0.18046875 0.40277777812500004 0.1671875 0.3791666671875 0.1453125 0.375 0.121875 0.3888888890625 0.11484375 0.40694444374999994 0.11484375 0.4166666671875 0.1265625 0.42083333281249996 0.1453125 0.4388888890625 0.15859375 0.440277778125 0.1671875 0.434722221875 0.18046875 0.40277777812500004
0 0.98203125 0.575 0.99921875 0.5833333328125 0.99921875 0.5416666671875 0.984375 0.540277778125 0.98125 0.54444444375 0.98203125 0.575
0 0.98046875 0.45277777812500003 0.98203125 0.46388888906250003 0.99921875 0.4791666671875 0.99921875 0.4486111109375 0.9828125 0.45 0.98046875 0.45277777812500003
0 0.99921875 0.4125 0.96015625 0.4138888890625 0.95859375 0.42083333281249996 0.9609375 0.4236111109375 0.97890625 0.43055555625 0.9859375 0.44305555625000004 0.99921875 0.4458333328125 0.99921875 0.4125
0 0.88515625 0.41944444374999995 0.871875 0.40138888906250003 0.83984375 0.40694444374999994 0.809375 0.4 0.78203125 0.425 0.77890625 0.44166666718750003 0.7859375 0.4486111109375 0.815625 0.4513888890625 0.86573671875 0.44444444375 0.890625 0.45 0.88515625 0.41944444374999995
0 0.82890625 0.36805555624999997 0.79609375 0.3736111109375 0.79375 0.384722221875 0.79765625 0.39305555625 0.8140625 0.3986111109375 0.84609375 0.38055555625 0.84375 0.3736111109375 0.82890625 0.36805555624999997
0 0.79296875 0.42083333281249996 0.7984375 0.40555555625000006 0.79453125 0.3861111109375 0.78984375 0.38055555625 0.7546875 0.38333333281250004 0.7421875 0.377777778125 0.6765625 0.375 0.66875 0.3763888890625 0.66953125 0.384722221875 0.6734375 0.38194444375000003 0.7171875 0.415277778125 0.753125 0.427777778125 0.79296875 0.42083333281249996
0 0.75625 0.4763888890625 0.7484375 0.46944444374999994 0.7265625 0.46944444374999994 0.725 0.475 0.7328125 0.5041666671875 0.73828125 0.5097222218749999 0.75546875 0.5083333328124999 0.759375 0.4916666671875 0.75625 0.4763888890625
0 0.665625 0.3888888890625 0.65859375 0.3791666671875 0.659375 0.3708333328125 0.6140625 0.35 0.59921875 0.34861111093749997 0.5953125 0.35694444375 0.59609375 0.3875 0.60859375 0.40277777812500004 0.64140625 0.41944444374999995 0.65078125 0.41944444374999995 0.6671875 0.40694444374999994 0.665625 0.3888888890625
0 0.5859375 0.309722221875 0.58125 0.3138888890625 0.5859375 0.33194444375 0.59453125 0.33888888906250003 0.60234375 0.3375 0.60703125 0.3236111109375 0.603125 0.3125 0.5859375 0.309722221875
0 0.58125 0.3236111109375 0.57109375 0.3111111109375 0.5515625 0.3083333328125 0.540625 0.3236111109375 0.53984375 0.334722221875 0.54453125 0.352777778125 0.5703125 0.35972222187499997 0.57734375 0.35694444375 0.58046875 0.34722222187499996 0.58125 0.3236111109375
0 0.60546875 0.38055555625 0.6046875 0.372222221875 0.59765625 0.3638888890625 0.55703125 0.35694444375 0.5015625 0.365277778125 0.4890625 0.375 0.4875 0.3888888890625 0.48984375 0.39305555625 0.54765625 0.4 0.58984375 0.3986111109375 0.6015625 0.39305555625 0.60546875 0.38055555625
0 0.54140625 0.34027777812500004 0.53984375 0.325 0.43984375 0.33055555625 0.43828125 0.334722221875 0.44453125 0.3416666671875 0.48125 0.3513888890625 0.51875 0.35 0.53359375 0.34722222187499996 0.54140625 0.34027777812500004
0 0.46171875 0.4458333328125 0.47421875 0.43194444374999996 0.4921875 0.372222221875 0.48515625 0.35694444375 0.45859375 0.34722222187499996 0.41640625 0.35555555625 0.40390625 0.352777778125 0.37578125 0.3638888890625 0.37265625 0.377777778125 0.37734375 0.4 0.39140625 0.41805555625 0.3953125 0.434722221875 0.4484375 0.4458333328125 0.46171875 0.4458333328125
0 0.409375 0.322222221875 0.41484375 0.3416666671875 0.42734375 0.34444444375 0.44140625 0.3375 0.43984375 0.3291666671875 0.421875 0.31944444375000003 0.409375 0.322222221875
0 0.34296875 0.3125 0.3453125 0.325 0.353125 0.3291666671875 0.3828125 0.3291666671875 0.3875 0.325 0.384375 0.3111111109375 0.34296875 0.3125
0 0.3296875 0.28055555625 0.32265625 0.2708333328125 0.31015625 0.2666666671875 0.29375 0.2666666671875 0.2484375 0.2833333328125 0.246875 0.2888888890625 0.25078125 0.29444444375 0.26171875 0.2986111109375 0.353125 0.29444444375 0.34140625 0.2833333328125 0.3296875 0.28055555625
0 0.31015625 0.3375 0.2921875 0.3458333328125 0.278125 0.34305555625 0.27578125 0.3583333328125 0.30703125 0.365277778125 0.3453125 0.35694444375 0.3453125 0.35 0.3390625 0.34027777812500004 0.31015625 0.3375
0 0.2515625 0.309722221875 0.2421875 0.315277778125 0.240625 0.31944444375000003 0.246875 0.3291666671875 0.26328125 0.3333333328125 0.3 0.33194444375 0.3131184890625 0.325665509375 0.31171875 0.31944444375000003 0.2953125 0.3083333328125 0.2515625 0.309722221875
0 0.2734375 0.3361111109375 0.24921875 0.3291666671875 0.215625 0.3375 0.20859375 0.35694444375 0.2203125 0.3763888890625 0.259375 0.365277778125 0.2734375 0.35694444375 0.2765625 0.34861111093749997 0.2734375 0.3361111109375
0 0.1875 0.31805555625 0.17734375 0.3236111109375 0.17265625 0.3333333328125 0.1765625 0.34027777812500004 0.18828125 0.3458333328125 0.19765625 0.3416666671875 0.19453125 0.32083333281250004 0.1875 0.31805555625
0 0.2046875 0.35 0.16953125 0.35 0.16015625 0.35694444375 0.1609375 0.36944444375 0.17265625 0.3736111109375 0.1890625 0.372222221875 0.2046875 0.365277778125 0.21015625 0.35694444375 0.2046875 0.35
0 0.15078125 0.3013888890625 0.12890625 0.3125 0.128125 0.322222221875 0.1359375 0.3263888890625 0.1640625 0.32777777812500003 0.16953125 0.322222221875 0.16484375 0.30555555624999997 0.15078125 0.3013888890625
0 0.1171875 0.2708333328125 0.10703125 0.275 0.10625 0.2916666671875 0.11015625 0.29722222187499997 0.12734375 0.3013888890625 0.13984375 0.29444444375 0.13515625 0.2736111109375 0.1171875 0.2708333328125
0 0.08984375 0.26805555625 0.03984375 0.2666666671875 0.0359375 0.27638888906250003 0.05 0.2916666671875 0.09609375 0.2888888890625 0.103125 0.2791666671875 0.10078125 0.272222221875 0.08984375 0.26805555625
0 0.11484375 0.3138888890625 0.096875 0.29722222187499997 0.05625 0.2986111109375 0.0453125 0.30555555624999997 0.04296875 0.3138888890625 0.059375 0.32083333281250004 0.11171875 0.32777777812500003 0.12734375 0.325 0.1265625 0.3125 0.11484375 0.3138888890625
0 0.11328125 0.40416666718750005 0.08515625 0.3888888890625 0.071875 0.36666666718749996 0.02578125 0.377777778125 0.0234375 0.38055555625 0.0234375 0.397222221875 0.028125 0.40138888906250003 0.04609375 0.4 0.1140625 0.415277778125 0.11328125 0.40416666718750005