0 0.28125 0.36666666718749996 0.075 0.36666666718749996 0.071875 0.3736111109375 0.071875 0.3875 0.07578125 0.39027777812500003 0.1140625 0.39027777812500003 0.25390625 0.38194444375000003 0.2734375 0.3763888890625 0.28125 0.36666666718749996
0 0 0.427777778125 0.2359375 0.4166666671875 0.259375 0.40833333281249995 0.26875 0.3958333328125 0.23203125 0.3916666671875 0.0265625 0.40138888906250003 0 0.40277777812500004 0 0.427777778125
0 0.24765625 0.39305555625 0.23984375 0.4 0.23984375 0.415277778125 0.36953125 0.415277778125 0.4078125 0.40416666718750005 0.41875 0.3875 0.31796875 0.3875 0.24765625 0.39305555625
0 0 0.5708333328124999 0.0484375 0.5694444437499999 0.271875 0.5388888890625 0.28046875 0.534722221875 0.31484375 0.490277778125 0.28515625 0.490277778125 0.21484375 0.5069444437499999 0 0.522222221875 0 0.5708333328124999
0 0.29140625 0.6236111109375 0.29765625 0.60694444375 0.2984375 0.5666666671875 0.2796875 0.5458333328125 0.24296875 0.54444444375 0.1984375 0.5555555562500001 0.196875 0.5513888890625 0.1796875 0.5666666671875 0.18203125 0.5722222218749999 0.1765625 0.5791666671875 0.17890625 0.6013888890625 0.19140625 0.622222221875 0.28359375 0.63055555625 0.29140625 0.6236111109375
0 0 0.6291666671875 0.0171875 0.6361111109375 0.06640625 0.627777778125 0.0875 0.6152777781250001 0.09609375 0.5986111109375 0.0953125 0.56805555625 0.08828125 0.559722221875 0.0265625 0.5638888890625 0 0.5666666671875 0 0.6291666671875
0 0.434375 0.5666666671875 0.43125 0.5555555562500001 0.3953125 0.5611111109375 0.39453125 0.590277778125 0.40078125 0.6125 0.41640625 0.6138888890625 0.42890625 0.6083333328125 0.434375 0.6 0.434375 0.5666666671875
0 0.44140625 0.4861111109375 0.3984375 0.48472222187499997 0.38828125 0.4861111109375 0.38828125 0.490277778125 0.39453125 0.5083333328124999 0.4 0.5138888890625 0.43203125 0.5097222218749999 0.44140625 0.4861111109375
0 0.49296875 0.584722221875 0.571875 0.5986111109375 0.62578125 0.5930555562500001 0.684375 0.5944444437499999 0.69453125 0.5875 0.775 0.56805555625 0.77734375 0.5638888890625 0.77578125 0.5541666671875001 0.78359375 0.5486111109375 0.7859375 0.5263888890625 0.81171875 0.5013888890625 0.803125 0.4916666671875 0.8015625 0.48194444374999995 0.78046875 0.4791666671875 0.6375 0.4861111109375 0.4921875 0.48194444374999995 0.48515625 0.4888888890625 0.484375 0.497222221875 0.49921875 0.522222221875 0.496875 0.54305555625 0.4890625 0.5638888890625 0.4890625 0.5763888890625 0.49296875 0.584722221875
0 0.88359375 0.5083333328124999 0.99921875 0.5013888890625 0.99921875 0.4625 0.91328125 0.46527777812500004 0.896875 0.47361111093749997 0.78984375 0.48055555625 0.796875 0.490277778125 0.796875 0.5 0.790625 0.5041666671875 0.7921875 0.5097222218749999 0.87734375 0.5013888890625 0.88359375 0.5083333328124999
0 0.75625 0.35694444375 0.759375 0.3638888890625 0.9875 0.35694444375 0.97578125 0.334722221875 0.75703125 0.3416666671875 0.75625 0.35694444375