0 0 0.30238970625 0.0057291671875 0.3014705875 0.013020832812499999 0.30698529375 0.2760416671875 0.3455882359375 0.4078125 0.356617646875 0.5479166671875 0.3768382359375 0.746875 0.393382353125 0.8296875 0.3952205875 0.890625 0.390625 0.9994791671875 0.39430147031249996 0.9994791671875 0.3446691171875 0.7898807296875 0.3290441171875 0.6552083328125 0.3143382359375 0.6463541671875 0.3170955875 0.64375 0.3134191171875 0.63125 0.315257353125 0.596875 0.3106617640625 0.3807291671875 0.2987132359375 0.3671875 0.3014705875 0.3609375 0.296875 0.3453125 0.299632353125 0.3380208328125 0.294117646875 0.2916666671875 0.294117646875 0.21614583281250002 0.28676470625 0.052604167187499995 0.252757353125 0.0057291671875 0.2518382359375 0 0.2518382359375 0 0.30238970625
0 0.7416666671875001 0.4834558828125 0.7401041671875 0.49172794062499997 0.74375 0.49632352968750004 0.80625 0.49448529375000005 0.80625 0.48805147031249996 0.803125 0.4834558828125 0.7416666671875001 0.4834558828125
0 0.7125 0.4825367640625 0.6744791671875 0.48069852968750004 0.6723958328124999 0.4834558828125 0.6729166671875 0.4908088234375 0.6755208328125 0.4935661765625 0.7140625 0.4935661765625 0.7203125 0.48988970624999995 0.7197916671875 0.4852941171875 0.7125 0.4825367640625
0 0.85 0.4935661765625 0.8557291671874999 0.49448529375000005 0.8557291671874999 0.484375 0.8541666671874999 0.481617646875 0.85 0.4834558828125 0.85 0.4935661765625
0 0.8333333328125001 0.4981617640625 0.8421875 0.4954044125 0.8442708328125 0.49172794062499997 0.8416666671874999 0.4834558828125 0.8322916671874999 0.484375 0.8333333328125001 0.4981617640625
0 0.603125 0.48069852968750004 0.5916666671875 0.48069852968750004 0.5890625 0.4852941171875 0.5875 0.49448529375000005 0.5901041671875 0.4954044125 0.6041666671875 0.4935661765625 0.6057291671875 0.4889705875 0.6052083328125 0.4825367640625 0.603125 0.48069852968750004
0 0.6229166671875 0.4779411765625 0.621875 0.4834558828125 0.6239583328125 0.48988970624999995 0.6302083328125 0.48805147031249996 0.6302083328125 0.47702205937500003 0.6255208328124999 0.4751838234375 0.6229166671875 0.4779411765625
0 0.7166666671875 0.4908088234375 0.725 0.49172794062499997 0.7265625 0.48805147031249996 0.725 0.48069852968750004 0.7161458328125 0.481617646875 0.7166666671875 0.4908088234375
0 0.6447916671875 0.4834558828125 0.6447916671875 0.48805147031249996 0.6484375 0.4908088234375 0.6583333328125 0.4908088234375 0.6630208328125 0.4862132359375 0.6578125 0.48069852968750004 0.6447916671875 0.4834558828125
0 0.6307291671875 0.48988970624999995 0.6375 0.4908088234375 0.6401041671875001 0.487132353125 0.6390625 0.481617646875 0.6307291671875 0.481617646875 0.6307291671875 0.48988970624999995
0 0.9677083328125 0.4935661765625 0.9729166671874999 0.5 0.9994791671875 0.4990808828125 0.9994791671875 0.4852941171875 0.9692708328125 0.484375 0.9677083328125 0.4935661765625
0 0.9192708328125001 0.484375 0.9177083328125001 0.487132353125 0.9197916671874999 0.4981617640625 0.9510416671874999 0.5 0.9552083328125001 0.49448529375000005 0.9541666671875 0.4862132359375 0.9505208328125001 0.4834558828125 0.9192708328125001 0.484375
0 0.9130208328125 0.4935661765625 0.9130208328125 0.484375 0.9036458328125001 0.4825367640625 0.9041666671874999 0.4954044125 0.9130208328125 0.4935661765625