0 0 0.2987132359375 0.0270833328125 0.304227940625 0.0375 0.3014705875 0.0447916671875 0.305147059375 0.2203125 0.335477940625 0.2994791671875 0.3455882359375 0.3601041671875 0.3483455875 0.484375 0.3685661765625 0.6447916671875 0.38511029375 0.7692708328125 0.393382353125 0.8765625 0.3887867640625 0.9994791671875 0.3915441171875 0.9994791671875 0.3446691171875 0.9864583328125001 0.3419117640625 0.8265625 0.33180147031249996 0.784375 0.325367646875 0.6651041671875 0.31617647031249996 0.6546875 0.3125 0.5291666671875 0.304227940625 0.5192708328125 0.30698529375 0.5140625 0.3033088234375 0.5083333328124999 0.30698529375 0.5046875 0.3033088234375 0.47760416718750004 0.305147059375 0.3770833328125 0.2959558828125 0.3697916671875 0.299632353125 0.3614583328125 0.294117646875 0.3458333328125 0.2977941171875 0.3302083328125 0.294117646875 0.2666666671875 0.2922794125 0.0666666671875 0.25367647031249996 0.04375 0.2509191171875 0.0395833328125 0.2545955875 0.0328125 0.2481617640625 0.0020833328125000002 0.24724264687500003 0 0.24724264687500003 0 0.2987132359375
0 0.9682291671875 0.4825367640625 0.9682291671875 0.4935661765625 0.9703125 0.49632352968750004 0.9817708328125001 0.49264705937500003 0.9817708328125001 0.4852941171875 0.9791666671874999 0.481617646875 0.9682291671875 0.4825367640625
0 0.9348958328125001 0.481617646875 0.934375 0.487132353125 0.9395833328125001 0.49172794062499997 0.946875 0.4908088234375 0.9484375 0.487132353125 0.9473958328125001 0.48069852968750004 0.9348958328125001 0.481617646875
0 0.8 0.48069852968750004 0.7395833328125 0.4825367640625 0.7401041671875 0.4908088234375 0.746875 0.4935661765625 0.803125 0.49448529375000005 0.80625 0.4908088234375 0.8046875 0.4825367640625 0.8 0.48069852968750004
0 0.6109375 0.47426470624999995 0.6119791671875 0.4852941171875 0.6203125 0.4862132359375 0.6223958328125 0.481617646875 0.6208333328125 0.47426470624999995 0.6109375 0.47426470624999995
0 0.621875 0.4862132359375 0.628125 0.48988970624999995 0.6307291671875 0.4779411765625 0.6270833328125 0.47426470624999995 0.6223958328125 0.47702205937500003 0.621875 0.4862132359375
0 0.640625 0.48805147031249996 0.6375 0.4779411765625 0.63125 0.4779411765625 0.6322916671875001 0.48988970624999995 0.640625 0.48805147031249996
0 0.6463541671875 0.47610294062499997 0.64375 0.481617646875 0.6432291671875 0.48805147031249996 0.6458333328125 0.4908088234375 0.6552083328125 0.4908088234375 0.6609375 0.4862132359375 0.6572916671875 0.47426470624999995 0.6463541671875 0.47610294062499997
0 0.6734375 0.4797794125 0.6723958328124999 0.484375 0.6765625 0.4889705875 0.7130208328125 0.48988970624999995 0.7229166671875 0.4862132359375 0.7208333328125 0.48069852968750004 0.6734375 0.4797794125
0 0.7171875 0.48069852968750004 0.7171875 0.487132353125 0.7197916671875 0.4908088234375 0.7244791671875 0.4908088234375 0.7265625 0.4862132359375 0.725 0.47886029375000005 0.7171875 0.48069852968750004
0 0.8255208328125001 0.4825367640625 0.8270833328125 0.49264705937500003 0.8338541671874999 0.49264705937500003 0.8364583328125 0.48805147031249996 0.8338541671874999 0.4797794125 0.8286458328125 0.4779411765625 0.8255208328125001 0.4825367640625
0 0.8692708328125001 0.4908088234375 0.8723958328125001 0.497242646875 0.88125 0.4935661765625 0.8791666671874999 0.4825367640625 0.8697916671874999 0.48069852968750004 0.8692708328125001 0.4908088234375
0 0.9026041671874999 0.4834558828125 0.903125 0.48805147031249996 0.9098958328125001 0.48988970624999995 0.9140625 0.48805147031249996 0.915625 0.481617646875 0.9041666671874999 0.48069852968750004 0.9026041671874999 0.4834558828125