0 0 0.299632353125 0.028125 0.305147059375 0.0395833328125 0.30238970625 0.0447916671875 0.3060661765625 0.0822916671875 0.3134191171875 0.1208333328125 0.3170955875 0.2734375 0.3446691171875 0.3541666671875 0.351102940625 0.5515625 0.3768382359375 0.7510416671875 0.393382353125 0.8453125 0.390625 0.9994791671875 0.3924632359375 0.9994791671875 0.3446691171875 0.7619791671875 0.3262867640625 0.6541666671875 0.3134191171875 0.6463541671875 0.3170955875 0.6442708328125 0.3134191171875 0.6328125 0.315257353125 0.6041666671875 0.3106617640625 0.396875 0.299632353125 0.3729166671875 0.299632353125 0.36770833281250004 0.3033088234375 0.3645833328125 0.296875 0.35104166718749996 0.299632353125 0.3421875 0.2959558828125 0.2608333328125 0.2922794125 0.1822916671875 0.284007353125 0.1703125 0.278492646875 0.1505208328125 0.27757352968750004 0.14375 0.2702205875 0.0645833328125 0.2545955875 0.0140625 0.2518382359375 0 0.2518382359375 0 0.299632353125
0 0.7984375 0.481617646875 0.740625 0.4834558828125 0.7395833328125 0.4935661765625 0.74375 0.497242646875 0.7895833328124999 0.4954044125 0.8078125 0.4981617640625 0.8098958328125001 0.487132353125 0.7984375 0.481617646875
0 0.9192708328125001 0.4834558828125 0.9182291671874999 0.48988970624999995 0.9229166671875 0.49448529375000005 0.9557291671874999 0.4935661765625 0.9557291671874999 0.4852941171875 0.9520833328125 0.48069852968750004 0.9192708328125001 0.4834558828125
0 0.7203125 0.4797794125 0.6963541671875 0.481617646875 0.6765625 0.4779411765625 0.6729166671875 0.48069852968750004 0.6723958328124999 0.487132353125 0.6765625 0.4935661765625 0.7208333328125 0.4935661765625 0.725 0.4889705875 0.7244791671875 0.4834558828125 0.7203125 0.4797794125
0 0.6453125 0.4733455875 0.6442708328125 0.4862132359375 0.6458333328125 0.48805147031249996 0.6583333328125 0.4889705875 0.6614583328125 0.4862132359375 0.6578125 0.47242647031249996 0.6453125 0.4733455875
0 0.6401041671875001 0.48988970624999995 0.6385416671875 0.4779411765625 0.63125 0.4797794125 0.6328125 0.4908088234375 0.6401041671875001 0.48988970624999995
0 0.6140625 0.48988970624999995 0.6197916671875 0.48988970624999995 0.6229166671875 0.4825367640625 0.6197916671875 0.47610294062499997 0.6130208328125 0.48069852968750004 0.6140625 0.48988970624999995
0 0.8260416671874999 0.4862132359375 0.8296875 0.4935661765625 0.8385416671874999 0.49264705937500003 0.8380208328125001 0.4825367640625 0.828125 0.481617646875 0.8260416671874999 0.4862132359375
0 0.6234375 0.4908088234375 0.6265625 0.49172794062499997 0.6296875 0.4862132359375 0.6276041671875 0.47702205937500003 0.621875 0.481617646875 0.6234375 0.4908088234375
0 0.8729166671874999 0.4862132359375 0.8755208328125 0.49264705937500003 0.88125 0.49172794062499997 0.8802083328125001 0.481617646875 0.8734375 0.48069852968750004 0.8729166671874999 0.4862132359375
0 0.9677083328125 0.481617646875 0.9661458328125001 0.4935661765625 0.9692708328125 0.49632352968750004 0.9859375 0.49632352968750004 0.990625 0.48805147031249996 0.9869791671874999 0.4825367640625 0.9677083328125 0.481617646875
0 0.9046875 0.48069852968750004 0.9026041671874999 0.484375 0.903125 0.49264705937500003 0.9067708328125 0.49632352968750004 0.9119791671874999 0.4935661765625 0.9145833328125 0.4862132359375 0.9109375 0.48069852968750004 0.9046875 0.48069852968750004