0 0 0.2987132359375 0.0239583328125 0.304227940625 0.0375 0.3014705875 0.0447916671875 0.30698529375 0.1260416671875 0.3170955875 0.21979166718749998 0.335477940625 0.2890625 0.34007352968750004 0.3005208328125 0.3455882359375 0.41302083281249996 0.35569852968750004 0.48541666718750004 0.367647059375 0.640625 0.3841911765625 0.7671875 0.3924632359375 0.8734375 0.3897058828125 0.9994791671875 0.3915441171875 0.9994791671875 0.3446691171875 0.9953125 0.34375 0.8244791671874999 0.330882353125 0.6541666671875 0.3134191171875 0.5494791671875 0.30698529375 0.5072916671875001 0.30882352968750004 0.5005208328124999 0.305147059375 0.4421875 0.304227940625 0.3630208328125 0.296875 0.3447916671875 0.299632353125 0.3416666671875 0.2959558828125 0.24739583281250002 0.29136029375 0.2208333328125 0.28676470625 0.203125 0.288602940625 0.1432291671875 0.2702205875 0.051041667187499994 0.25367647031249996 0.0479166671875 0.25367647031249996 0.0421875 0.262867646875 0.0364583328125 0.257352940625 0 0.25367647031249996 0 0.2987132359375
0 0.6057291671875 0.4862132359375 0.603125 0.4751838234375 0.5911458328125 0.4779411765625 0.5911458328125 0.48988970624999995 0.6057291671875 0.4862132359375
0 0.803125 0.4797794125 0.7395833328125 0.481617646875 0.740625 0.48988970624999995 0.7463541671875 0.49264705937500003 0.8036458328125 0.4935661765625 0.80625 0.4908088234375 0.8057291671875 0.4825367640625 0.803125 0.4797794125
0 0.6114583328125 0.471507353125 0.6098958328124999 0.47426470624999995 0.6088541671875001 0.4852941171875 0.6145833328125 0.48805147031249996 0.6213541671875 0.487132353125 0.625 0.47886029375000005 0.6208333328125 0.4733455875 0.6114583328125 0.471507353125
0 0.7109375 0.47886029375000005 0.6739583328125 0.4779411765625 0.6729166671875 0.4852941171875 0.6776041671875 0.4889705875 0.7057291671875 0.48988970624999995 0.7140625 0.4852941171875 0.7140625 0.481617646875 0.7109375 0.47886029375000005
0 0.9671875 0.48805147031249996 0.9697916671875 0.49264705937500003 0.9776041671875 0.4862132359375 0.9744791671874999 0.47886029375000005 0.9682291671875 0.4797794125 0.9671875 0.48805147031249996
0 0.9119791671874999 0.4779411765625 0.9041666671874999 0.4797794125 0.9036458328125001 0.4889705875 0.9057291671875 0.49264705937500003 0.9119791671874999 0.49264705937500003 0.9145833328125 0.487132353125 0.9145833328125 0.481617646875 0.9119791671874999 0.4779411765625
0 0.8255208328125001 0.47886029375000005 0.8244791671874999 0.487132353125 0.8260416671874999 0.49264705937500003 0.8328125 0.48805147031249996 0.8333333328125001 0.481617646875 0.8302083328125001 0.4751838234375 0.8255208328125001 0.47886029375000005
0 0.7166666671875 0.481617646875 0.7197916671875 0.48988970624999995 0.7270833328124999 0.4862132359375 0.7265625 0.4751838234375 0.7177083328125 0.47886029375000005 0.7166666671875 0.481617646875
0 0.6458333328125 0.47886029375000005 0.6458333328125 0.48988970624999995 0.6484375 0.49172794062499997 0.6578125 0.4908088234375 0.6609375 0.4852941171875 0.6541666671875 0.4751838234375 0.6458333328125 0.47886029375000005
0 0.6317708328125 0.48988970624999995 0.6427083328125 0.4889705875 0.6427083328125 0.481617646875 0.6401041671875001 0.47702205937500003 0.63125 0.47702205937500003 0.6317708328125 0.48988970624999995