0 0.2203125 0.434375 0.3515625 0.4359375 0.3921875 0.43125 0.3921875 0.403125 0.3875 0.4 0.35 0.3921875 0.2796875 0.3921875 0.278125 0.390625 0.2625 0.396875 0.1828125 0.396875 0.1796875 0.4296875 0.2203125 0.434375
0 0.6140625 0.4375 0.6359375 0.434375 0.646875 0.4234375 0.640625 0.415625 0.6421875 0.4046875 0.6296875 0.396875 0.571875 0.4 0.559375 0.3953125 0.4890625 0.3953125 0.484375 0.3953125 0.46875 0.4015625 0.4640625 0.4203125 0.4703125 0.4359375 0.6140625 0.4375
0 0.871875 0.434375 0.871875 0.4078125 0.85 0.4 0.8296875 0.4 0.8109375 0.390625 0.7890625 0.390625 0.7807296874999999 0.390625 0.7640625 0.390625 0.75625 0.3953125 0.75 0.434375 0.871875 0.434375
0 0.115625 0.3953125 0.1109375 0.3875 0.0921875 0.3921875 0.0734375 0.3875 0.065625 0.3875 0.05625 0.3953125 0.05625 0.4328125 0.115625 0.428125 0.115625 0.3953125
0 0 0.4328125 0.0125 0.4375 0.028125 0.434375 0.028125 0.421875 0.021875 0.4125 0.03125 0.4015625 0.028125 0.3953125 0.0171875 0.3921875 0.00859375 0.3921875 0 0.3921875 0 0.4328125
0 0.9984375 0.4 0.9953125 0.4 0.9703125 0.4078125 0.9703125 0.428125 0.9984375 0.43125 0.9984375 0.4
0 0.1765625 0.378125 0.1890625 0.3890625 0.296875 0.390625 0.340625 0.3875 0.3625 0.3734375 0.3875 0.36875 0.3953125 0.3609375 0.3515625 0.3578125 0.35 0.3578125 0.275 0.3640625 0.1859375 0.3609375 0.1734375 0.365625 0.1765625 0.378125
0 0.5140625 0.371875 0.5359375 0.3703125 0.571875 0.371875 0.5953125 0.3796875 0.6296875 0.365625 0.675 0.3609375 0.49375 0.359375 0.490625 0.359375 0.4625 0.3625 0.46875 0.3703125 0.496875 0.3828125 0.5140625 0.371875
0 0 0.3796875 0.028125 0.371875 0.0375 0.3625 0.0671875 0.384375 0.10625 0.384375 0.115625 0.3765625 0.121875 0.3609375 0.01875 0.3578125 0.0125 0.3578125 0 0.359375 0 0.3796875
0 0.79375 0.384375 0.8140625 0.38125 0.8328125 0.3703125 0.871875 0.375 0.8828125 0.3609375 0.8625 0.359375 0.8541671875000001 0.359375 0.7640625 0.3609375 0.7515625 0.3734375 0.7609375 0.3828125 0.79375 0.384375
0 0.9984375 0.365625 0.9875 0.365625 0.9703125 0.3671875 0.96875 0.3734375 0.9984375 0.378125 0.9984375 0.365625
0 0.1890625 0.503125 0.1984375 0.5078125 0.253125 0.5046875 0.29375 0.4859375 0.3015625 0.4953125 0.35625 0.490625 0.3765625 0.5015625 0.3875 0.5015625 0.396875 0.496875 0.39375 0.478125 0.3984375 0.45625 0.3890625 0.446875 0.3734375 0.4453125 0.371875 0.4453125 0.1921875 0.45625 0.1875 0.4875 0.2015625 0.496875 0.1890625 0.503125
0 0.4984375 0.490625 0.50625 0.5 0.5234375 0.496875 0.528125 0.4875 0.5390625 0.484375 0.5484375 0.490625 0.559375 0.4859375 0.5640625 0.4953125 0.575 0.4890625 0.578125 0.496875 0.590625 0.4890625 0.59375 0.496875 0.6109375 0.4984375 0.634375 0.4984375 0.64375 0.4921875 0.6453125 0.4859375 0.6234375 0.4609375 0.621875 0.453125 0.60625 0.4484375 0.5640625 0.453125 0.55625 0.4640625 0.5296875 0.4640625 0.5015625 0.459375 0.48125 0.446875 0.4796875 0.446875 0.4703125 0.4515625 0.4625 0.471875 0.475 0.4921875 0.4984375 0.490625
0 0.8015625 0.46875 0.79375 0.4625 0.7515625 0.4671875 0.75 0.484375 0.765625 0.4921875 0.840625 0.4921875 0.8453125 0.4984375 0.85625 0.49375 0.8640625 0.496875 0.871875 0.4875 0.8765625 0.4890625 0.8734375 0.4859375 0.8796875 0.4703125 0.8484375 0.4671875 0.8453125 0.45625 0.83671875 0.45625 0.821875 0.4578125 0.8234375 0.4625 0.8109375 0.46875 0.8015625 0.46875
0 0.090625 0.49375 0.09375 0.478125 0.125 0.46875 0.121875 0.459375 0.1109375 0.459375 0.0671875 0.46875 0.0640625 0.4765625 0.071875 0.49375 0.090625 0.49375
0 0.9984375 0.4640625 0.975 0.4625 0.971875 0.4625 0.9625 0.4734375 0.9921875 0.4890625 0.9984375 0.4875 0.9984375 0.4640625