0 0.5588546875 0.8175921875000001 0.575 0.80648125 0.578125 0.7990734374999999 0.5869796875 0.79444375 0.5895828125 0.7861109374999999 0.5796875 0.778703125 0.56328125 0.7759265625 0.5447921874999999 0.7657406250000001 0.5328125 0.772221875 0.5161453125000001 0.7638890625 0.5098953125000001 0.76944375 0.5010421875 0.7703703125 0.49322968749999996 0.777778125 0.49270781250000006 0.7824078125 0.48333281250000004 0.7953703125 0.47552031250000004 0.8 0.4734375 0.802778125 0.4734375 0.8138890625 0.4828125 0.825 0.48541718749999996 0.8370374999999999 0.5526046874999999 0.8379625 0.5588546875 0.8175921875000001
0 0.8171875 0.6351859375 0.8036453124999999 0.628703125 0.7989578125000001 0.6324078125 0.7989578125000001 0.64444375 0.8026046875 0.6509265625 0.8140625 0.653703125 0.8197921875 0.65 0.8192703124999999 0.6379625 0.8171875 0.6351859375
0 0.7677078125000001 0.6194437500000001 0.7619796875 0.6268515625 0.7604171875 0.634259375 0.7666671875 0.6425921875 0.7817703125000001 0.6435187499999999 0.7859375 0.634259375 0.771875 0.61851875 0.7677078125000001 0.6194437500000001
0 0.6447921875 0.665740625 0.6322921874999999 0.65648125 0.6223953125 0.65648125 0.6177078125000001 0.6611109374999999 0.6182296875 0.66944375 0.6268374999999999 0.67455 0.6299015625 0.6739375 0.6384796875000001 0.6690343750000001 0.6458328125 0.6731484375 0.6447921875 0.665740625
0 0.7692703125 0.4120375 0.7640625 0.40648125 0.7302078125 0.409259375 0.7286453125000001 0.4120375 0.7296875 0.41944375 0.7359375 0.4231484375 0.7651046874999999 0.4231484375 0.7692703125 0.4166671875 0.7692703125 0.4120375
0 0.859375 0.7638890625 0.8494796875 0.7657406250000001 0.8427078124999999 0.7731484375 0.8427078124999999 0.7861109374999999 0.85625 0.7898140625 0.8640625 0.7833328125000001 0.8677078125 0.771296875 0.865625 0.7666671875 0.859375 0.7638890625
0 0.9427078124999999 0.7444437500000001 0.9192703124999999 0.759259375 0.9171875 0.7629625 0.9229171875000001 0.76944375 0.9395828125 0.76944375 0.953125 0.7555562499999999 0.9546875 0.7481484375 0.9427078124999999 0.7444437500000001
0 0.509375 0.715740625 0.50625 0.71944375 0.5083328125000001 0.7324078125 0.5140625 0.7259265625 0.525 0.7324078125 0.5328125 0.7324078125 0.5338546875 0.7166671874999999 0.509375 0.715740625
0 0.7010421874999999 0.4018515625 0.6953125 0.4138890625 0.6953125 0.421296875 0.6994796875 0.425 0.70625 0.4231484375 0.709375 0.41574062500000003 0.7046875 0.40462968750000006 0.7010421874999999 0.4018515625
0 0.725 0.83125 0.7078125 0.8390625 0.6921875 0.834375 0.6734375 0.8359375 0.659375 0.8546875 0.653125 0.86875 0.653125 0.9359375 0.6734375 0.9671875 0.68125 0.971875 0.69375 0.9984375 0.8203125 0.9984375 0.8203125 0.990625 0.8109375 0.9859375 0.809375 0.9765625 0.8 0.9734375 0.803125 0.9703125 0.7953125 0.9609375 0.778125 0.9578125 0.778125 0.946875 0.7546875 0.9453125 0.7484375 0.9390625 0.7484375 0.93125 0.7375 0.93125 0.728125 0.9234375 0.725 0.9015625 0.7109375 0.8875 0.71875 0.8703125 0.740625 0.8578125 0.7859375 0.8453125 0.7859375 0.8375 0.79375 0.8453125 0.8125 0.846875 0.8109375 0.8375 0.8171875 0.8296875 0.8140625 0.8140625 0.821875 0.8015625 0.8171875 0.7953125 0.8125 0.8 0.809375 0.790625 0.8078125 0.790625 0.7703125 0.7921875 0.7421875 0.8 0.73125 0.80625 0.725 0.83125
0 0.64375 0.7828125 0.6578125 0.7828125 0.7046875 0.7984375 0.725 0.8 0.73125 0.7953125 0.728125 0.7859375 0.721875 0.7828125 0.6984375 0.778125 0.68125 0.76875 0.6453125 0.765625 0.6 0.746875 0.578125 0.73125 0.5421875 0.7296875 0.540625 0.7296875 0.5484375 0.740625 0.6109375 0.775 0.634375 0.7765625 0.64375 0.7828125
0 0.3078125 0.546875 0.3296875 0.5671875 0.3359375 0.584375 0.3546875 0.6046875 0.3734375 0.6125 0.390625 0.628125 0.3921875 0.6484375 0.384375 0.6625 0.3953125 0.6875 0.41875 0.6921875 0.459375 0.7125 0.4890625 0.71875 0.49375 0.715625 0.4890625 0.709375 0.4546875 0.696875 0.4453125 0.6890625 0.45 0.6828125 0.446875 0.6734375 0.459375 0.665625 0.4515625 0.6578125 0.434375 0.6546875 0.434375 0.65 0.425 0.6453125 0.415625 0.6109375 0.3984375 0.6078125 0.3921875 0.5984375 0.3953125 0.5953125 0.384375 0.5921875 0.378125 0.5828125 0.3796875 0.571875 0.3703125 0.5671875 0.371875 0.55625 0.3625 0.5515625 0.3546875 0.5359375 0.3546875 0.528125 0.38125 0.5046875 0.3921875 0.5046875 0.390625 0.5 0.38125 0.5 0.3640625 0.5015625 0.315625 0.5234375 0.309375 0.53125 0.3078125 0.546875