0 0.5814234375 0.4467453703125 0.5761411453124999 0.4342379625 0.5688494796875 0.442571296875 0.5579119796875001 0.44442314843749997 0.5443703125 0.45275648124999995 0.5386411453125 0.46201574062499995 0.5391619796875 0.4666453703125 0.5443703125 0.47034907343750004 0.5761411453124999 0.4583120375 0.5787453124999999 0.45923796250000004 0.5814234375 0.4467453703125
0 0.5911458328125 0.475 0.5932291671875001 0.48148148125 0.6 0.4796296296875 0.6 0.46666666718750005 0.5916666671875 0.4675925921875 0.5911458328125 0.475
0 0.5473958328124999 0.471296296875 0.5385416671875001 0.4768518515625 0.5401041671875 0.4861111109375 0.5479166671875 0.4879629625 0.5682291671875 0.48518518593750004 0.5796875 0.477777778125 0.56875 0.4703703703125 0.5473958328124999 0.471296296875
0 0.40416666718750005 0.5481481484375 0.4036458328125 0.5555555562500001 0.40729166718750004 0.5583333328125 0.41510416718750004 0.5527777781250001 0.41510416718750004 0.547222221875 0.4125 0.54444444375 0.40416666718750005 0.5481481484375
0 0.38333333281250004 0.5601851859375 0.3817708328125 0.5675925921875 0.3848958328125 0.5731481484375001 0.3921875 0.5731481484375001 0.3958333328125 0.565740740625 0.3927083328125 0.559259259375 0.38333333281250004 0.5601851859375
0 0.3645833328125 0.5768518515625 0.3541666671875 0.56851851875 0.3317708328125 0.5629629625 0.3328125 0.5731481484375001 0.3411458328125 0.5833333328125 0.3515625 0.5888888890625 0.3692708328125 0.5879629625 0.3692708328125 0.5759259265625001 0.3645833328125 0.5768518515625
0 0.43177083281249995 0.64444444375 0.43125 0.622222221875 0.428125 0.61944444375 0.4265625 0.609259259375 0.428125 0.602777778125 0.4213541671875 0.603703703125 0.4125 0.5962962968750001 0.40729166718750004 0.5962962968750001 0.4015625 0.602777778125 0.40052083281249995 0.6083333328125 0.4046875 0.621296296875 0.403125 0.6333333328124999 0.4067708328125 0.6453703703125 0.4203125 0.6574074078125001 0.43177083281249995 0.64444444375
0 0.5994791671875 0.7259259265625 0.60625 0.7203703703125 0.6041666671875 0.7148148140624999 0.5802083328125 0.69351851875 0.5760416671875 0.6796296296875 0.5770833328125 0.6731481484375 0.5723958328125 0.66944444375 0.5703125 0.672222221875 0.5635416671875 0.6675925921875 0.5411458328125 0.6638888890625 0.5223958328125 0.6648148140625 0.5114583328125 0.6759259265625001 0.5125 0.6851851859375 0.5109375 0.6888888890625 0.5135416671875 0.7009259265625001 0.5307291671875001 0.7166666671875 0.5864583328124999 0.727777778125 0.5994791671875 0.7259259265625
0 0.5072916671875001 0.75555555625 0.503125 0.746296296875 0.48229166718750005 0.7398148140624999 0.45104166718750005 0.74444444375 0.4328125 0.7546296296875 0.43541666718750005 0.7601851859375001 0.440625 0.7574074078125 0.4421875 0.7601851859375001 0.49322916718750004 0.7638888890625 0.5020833328125 0.7620370375000001 0.5072916671875001 0.75555555625
0 0.44322916718750005 0.6583333328125 0.45104166718750005 0.672222221875 0.46197916718750004 0.6731481484375 0.4609375 0.6388888890625 0.44375 0.6416666671875 0.44322916718750005 0.6583333328125
0 0.3682291671875 0.55 0.3640625 0.55648148125 0.3640625 0.5629629625 0.36666666718749996 0.565740740625 0.3786458328125 0.5638888890625 0.3760416671875 0.5527777781250001 0.371875 0.55 0.3682291671875 0.55
0 0.5359375 0.602777778125 0.5286458328125 0.5879629625 0.5130208328125 0.58055555625 0.5088541671875 0.5833333328125 0.5057291671875 0.590740740625 0.5057291671875 0.6111111109375 0.5213541671875 0.6259259265625 0.5375 0.6231481484375 0.5494791671875 0.615740740625 0.5473958328124999 0.6111111109375 0.5359375 0.602777778125
0 0.5161458328124999 0.509259259375 0.5130208328125 0.5120370375000001 0.5125 0.521296296875 0.515625 0.534259259375 0.5260416671875 0.5324074078125001 0.5255208328125 0.5203703703125 0.5213541671875 0.5111111109375 0.5161458328124999 0.509259259375
0 0.5677083328125 0.5870370375 0.55625 0.575 0.5520833328125 0.5759259265625001 0.5463541671875001 0.5898148140624999 0.5526041671875 0.597222221875 0.5723958328125 0.6 0.578125 0.5953703703125 0.5765625 0.5888888890625 0.5677083328125 0.5870370375
0 0.60625 0.6574074078125001 0.6015625 0.65 0.5875 0.6416666671875 0.575 0.64351851875 0.5552083328124999 0.6611111109375 0.5541666671875001 0.6666666671875 0.5583333328125 0.66944444375 0.5760416671875 0.66944444375 0.5869791671875 0.6638888890625 0.5958333328125 0.66851851875 0.60625 0.6574074078125001
0 0.709375 0.759259259375 0.7057291671875 0.747222221875 0.6973958328125 0.7351851859375 0.6276041671875 0.7138888890625 0.6135416671875 0.7129629625 0.6072916671875 0.7194444437499999 0.6239583328125 0.7509259265625 0.6510416671875 0.7666666671875 0.6875 0.7675925921875 0.69375 0.7620370375000001 0.703125 0.7648148140625 0.709375 0.759259259375
0 0.5609375 0.602777778125 0.5473958328124999 0.6129629624999999 0.5510416671875 0.61944444375 0.5578125 0.6231481484375 0.56875 0.6231481484375 0.5708333328124999 0.61851851875 0.5677083328125 0.6083333328125 0.5609375 0.602777778125
0 0.5265625 0.54444444375 0.5244791671875 0.5416666671875 0.5260416671875 0.5361111109375 0.5223958328125 0.5324074078125001 0.509375 0.5388888890625 0.5083333328124999 0.5453703703125 0.5104166671875 0.5527777781250001 0.5171875 0.55648148125 0.5229166671875001 0.55648148125 0.5260416671875 0.5527777781250001 0.5265625 0.54444444375
0 0.5786458328124999 0.4620370375 0.5791666671875 0.4731481484375 0.584375 0.47592592656250005 0.5880208328125 0.47222222187499996 0.5869791671875 0.4601851859375 0.5817708328125 0.4583333328125 0.5786458328124999 0.4620370375
0 0.5390625 0.51944444375 0.5375 0.5268518515625 0.540625 0.5324074078125001 0.553125 0.5296296296875 0.553125 0.522222221875 0.5447916671875 0.5138888890625 0.5390625 0.51944444375
0 0.8104166671874999 0.759259259375 0.8026041671874999 0.7509259265625 0.7640625 0.7379629624999999 0.7375 0.7425925921875 0.7302083328125 0.7574074078125 0.7270833328124999 0.771296296875 0.7322916671875 0.7824074078125001 0.7354166671875 0.7833333328125 0.790625 0.7759259265625 0.8104166671874999 0.7666666671875 0.8104166671874999 0.759259259375
0 0.7057291671875 0.7398148140624999 0.7005208328125 0.74351851875 0.6973958328125 0.75648148125 0.6984375 0.7629629625 0.7166666671875 0.7759259265625 0.73125 0.775 0.7317708328125 0.7518518515625 0.7057291671875 0.7398148140624999
0 0.6109375 0.6546296296875 0.5984375 0.6620370375 0.5927083328125 0.671296296875 0.5927083328125 0.675 0.5973958328125 0.68148148125 0.6166666671875001 0.6805555562500001 0.6244791671875001 0.6740740734374999 0.628125 0.6620370375 0.6109375 0.6546296296875
0 0.5260416671875 0.559259259375 0.5208333328125 0.5574074078125 0.5151041671875001 0.5620370375 0.515625 0.5675925921875 0.5213541671875 0.5722222218749999 0.528125 0.5722222218749999 0.5291666671875 0.56851851875 0.5291666671875 0.5638888890625 0.5260416671875 0.559259259375
0 0.5494791671875 0.575 0.5520833328125 0.577777778125 0.559375 0.575 0.5572916671875 0.565740740625 0.55 0.5675925921875 0.5494791671875 0.575
0 0.5385416671875001 0.5833333328125 0.5380208328125 0.5768518515625 0.5291666671875 0.575 0.5307291671875001 0.5851851859375 0.5385416671875001 0.5833333328125
0 0.478125 0.6703703703125 0.47864583281249995 0.6777777781250001 0.48645833281249995 0.6768518515624999 0.48802083281249997 0.6731481484375 0.48802083281249997 0.66944444375 0.4828125 0.6666666671875 0.478125 0.6703703703125
0 0.49427083281249995 0.6990740734374999 0.48229166718750005 0.6981481484375001 0.48125 0.703703703125 0.4828125 0.7083333328125 0.4895833328125 0.7129629625 0.4947916671875 0.7111111109375 0.49583333281249997 0.703703703125 0.49427083281249995 0.6990740734374999
0 0.5296875 0.9083333328125001 0.5260416671875 0.9055555562500001 0.5260416671875 0.896296296875 0.5333333328125 0.8861111109375001 0.55 0.88148148125 0.5755208328125 0.8638888890624999 0.5916666671875 0.8601851859374999 0.5927083328125 0.85555555625 0.6005208328125 0.853703703125 0.6078125 0.8453703703125001 0.6229166671875 0.8444444437499999 0.6291666671875 0.8379629625 0.6479166671875001 0.8296296296874999 0.653125 0.8231481484375 0.6796875 0.8148148140625 0.7 0.8 0.7203125 0.79351851875 0.7270833328124999 0.7879629625 0.7375 0.7879629625 0.7385416671875 0.7851851859375001 0.7260416671875001 0.7814814812499999 0.7083333328125 0.7824074078125001 0.58125 0.8453703703125001 0.5671875 0.8583333328125 0.540625 0.865740740625 0.5286458328125 0.8759259265624999 0.5265625 0.8861111109375001 0.5208333328125 0.8898148140625001 0.5171875 0.897222221875 0.5177083328125 0.9101851859375 0.5114583328125 0.93148148125 0.5171875 0.9361111109375001 0.5229166671875001 0.93148148125 0.5239583328124999 0.915740740625 0.5296875 0.9083333328125001