0 0.3953125 0.602778125 0.4 0.6074078125 0.42083281250000004 0.60555625 0.43333281250000005 0.6166671874999999 0.4505203125 0.60555625 0.44301406249999997 0.5948484374999999 0.4491421875 0.5825890625000001 0.444853125 0.5733953125 0.428309375 0.56175 0.40992656250000004 0.546428125 0.39093125 0.5341703125 0.39338281249999996 0.5231375 0.4093140625 0.508428125 0.4424015625 0.50475 0.4325984375 0.4918796875 0.4019609375 0.4875890625 0.403125 0.5018515625 0.3666671875 0.5148140625 0.3567703125 0.521296875 0.3489578125 0.5361109374999999 0.3479171875 0.5425921875 0.3505203125 0.5490734374999999 0.3609375 0.559259375 0.3692703125 0.5731484375 0.3932296875 0.5953703124999999 0.3953125 0.602778125
0 0.4796875 0.7046296875 0.49114531250000004 0.697221875 0.490625 0.672221875 0.49375 0.65555625 0.4869796875 0.6453703125 0.48333281250000004 0.6259265625 0.47083281250000003 0.61851875 0.4583328125 0.61851875 0.44895781250000005 0.6138890625 0.44375 0.6138890625 0.43854218749999996 0.6222218749999999 0.43541718749999997 0.647221875 0.4375 0.6638890625 0.4359375 0.6740734374999999 0.43958281250000003 0.6898140625 0.459375 0.7009265625000001 0.4796875 0.7046296875
0 0.5109375 0.7870375000000001 0.521875 0.7518515625 0.5213546874999999 0.7425921875 0.5182296875 0.7342593749999999 0.5203125 0.7203703124999999 0.51875 0.7129624999999999 0.5114578125 0.7064812500000001 0.4947921875 0.7009265625000001 0.48385468749999994 0.7046296875 0.484375 0.7259265625 0.48125 0.7481484375 0.4921875 0.7740734375 0.49322968749999996 0.790740625 0.4984375 0.7925921875 0.5109375 0.7870375000000001
0 0.675 0.771296875 0.7015625 0.7759265625 0.7125 0.771296875 0.7140625 0.7675921875 0.7104171874999999 0.759259375 0.703125 0.7555562499999999 0.6739578125000001 0.7555562499999999 0.58125 0.71944375 0.5463546874999999 0.7148140625 0.5385421874999999 0.7166671874999999 0.5375 0.7240734375 0.540625 0.7268515625 0.6125 0.7601859375 0.640625 0.7685187499999999 0.65 0.777778125 0.675 0.771296875
0 0.6776046874999999 0.6490734375 0.6671875 0.6509265625 0.6666671875 0.65648125 0.6729171875 0.6666671875 0.6890625 0.66944375 0.6916671875 0.665740625 0.6890625 0.653703125 0.6776046874999999 0.6490734375
0 0.7515625 0.7638890625 0.7385421875 0.7620375 0.7307296875 0.772221875 0.73125 0.78148125 0.7411453125 0.7916671875 0.7572921874999999 0.7916671875 0.7640625 0.7833328125000001 0.7614578125 0.775 0.7515625 0.7638890625
0 0.9744796875 0.5638890625 0.9703125 0.5675921875000001 0.96875 0.575 0.9765625 0.5833328125 0.9864578125 0.5851859375 0.9901046875 0.5796296875 0.9854171875000001 0.56944375 0.9744796875 0.5638890625
0 0.8802078124999999 0.625 0.8739578124999999 0.6305562499999999 0.8729171875 0.634259375 0.8833328125 0.647221875 0.8927078125 0.6425921875 0.8921875 0.6305562499999999 0.8895828124999999 0.6259265625 0.8802078124999999 0.625
0 0.7859375 0.9388890625 0.7932296875 0.9120375 0.8020828124999999 0.9046296875 0.8166671875 0.903703125 0.8239578125 0.896296875 0.8338546875 0.8990734375 0.8421875 0.8925921875 0.8421875 0.8800921875000001 0.8463546875000001 0.8564812500000001 0.8416671875 0.8453703125 0.8380203125 0.84351875 0.83125 0.8407406249999999 0.8177078124999999 0.84351875 0.8052078125 0.859259375 0.8057296875000001 0.875 0.803125 0.88055625 0.7708328125 0.9018515624999999 0.7479171874999999 0.9333328125 0.7401046874999999 0.9388890625 0.7385421875 0.946296875 0.7432296875 0.9518515624999999 0.7552078125 0.9620374999999999 0.7640625 0.9620374999999999 0.7744796875 0.9453703125 0.7859375 0.9388890625
0 0.8723953124999999 0.8138890625 0.8635421875 0.8046296875 0.8609375 0.7990734374999999 0.8614578125 0.79444375 0.8583328124999999 0.7935187499999999 0.853125 0.79444375 0.8489578124999999 0.8092593750000001 0.8416671875 0.80648125 0.8375 0.8101859375 0.8369796875000001 0.81851875 0.8390625 0.825 0.8453125 0.8333328124999999 0.8552078125 0.8333328124999999 0.8666671875 0.8259265625 0.8723953124999999 0.8138890625
0 0.8796875 0.7879625 0.8739578124999999 0.790740625 0.8697921875000001 0.8018515624999999 0.86875 0.825 0.8713546875 0.825 0.8760421875000001 0.834259375 0.8921875 0.8305562500000001 0.896875 0.7981484375 0.8796875 0.7879625
0 0.9770828125 0.76944375 0.9755203124999999 0.775 0.98125 0.7824078125 0.9984375 0.7824078125 0.9984375 0.759259375 0.9817703124999999 0.7648140625 0.9770828125 0.76944375
0 0.8302078125 0.9620374999999999 0.8317703125 0.9675921875 0.8401046875 0.9740734375000001 0.8536453125 0.975 0.8703125 0.9907406249999999 0.8786453125 0.99444375 0.8802078124999999 0.9984375 0.8895828124999999 0.9984375 0.8921875 0.99444375 0.9010421875000001 0.9984375 0.984375 0.9984375 0.98125 0.99351875 0.9526046875 0.984259375 0.9473953125 0.977778125 0.9359375 0.975 0.9067703125 0.9574078125 0.8994796875000001 0.947221875 0.8838546875000001 0.9361109375 0.8729171875 0.9148140625 0.8739578124999999 0.9120375 0.8682296875000001 0.9083328125 0.8661453124999999 0.9 0.8536453125 0.8953703125000001 0.8380203125 0.8990734375 0.8302078125 0.8916671875000001 0.8307296875000001 0.8879625000000001 0.8260421875 0.8796296874999999 0.8203125 0.8879625000000001 0.8208328125 0.903703125 0.8364578125 0.9120375 0.8395828125 0.922221875 0.8390625 0.9305562500000001 0.8333328124999999 0.9388890625 0.8302078125 0.9620374999999999