0 0.4192708328125 0.6120370375 0.4322916671875 0.6148148140624999 0.465625 0.6101851859375 0.47083333281249995 0.6138888890625 0.47083333281249995 0.6074074078125 0.46458333281249997 0.5953703703125 0.4640625 0.5796296296875 0.45416666718750004 0.5694444437499999 0.44375 0.547222221875 0.4322916671875 0.5370370375 0.41875 0.5370370375 0.4135416671875 0.5314814812499999 0.4145833328125 0.5231481484375 0.4213541671875 0.5175925921875 0.4203125 0.515740740625 0.41510416718750004 0.5129629625 0.3916666671875 0.51944444375 0.38125 0.527777778125 0.3770833328125 0.5370370375 0.3770833328125 0.54444444375 0.3854166671875 0.553703703125 0.3916666671875 0.5694444437499999 0.40625 0.5888888890625 0.4145833328125 0.5944444437499999 0.4192708328125 0.6120370375
0 0.6223958328125 0.7601851859375001 0.6578125 0.7759259265625 0.6880208328124999 0.775 0.7166666671875 0.76944444375 0.7229166671875 0.7638888890625 0.7265625 0.75555555625 0.7223958328125 0.7509259265625 0.7067708328125 0.753703703125 0.65625 0.7361111109375 0.628125 0.7333333328125 0.5916666671875 0.7185185187500001 0.553125 0.7148148140624999 0.5453125 0.7111111109375 0.5369791671875 0.7129629625 0.5348958328125 0.7203703703125 0.5484375 0.7296296296875 0.5776041671875001 0.734259259375 0.6005208328125 0.75 0.615625 0.753703703125 0.6223958328125 0.7601851859375001
0 0.478125 0.703703703125 0.48229166718750005 0.7175925921874999 0.4875 0.7175925921874999 0.49010416718750005 0.7120370375 0.490625 0.684259259375 0.49427083281249995 0.675 0.484375 0.665740740625 0.484375 0.6574074078125001 0.4875 0.6537037031249999 0.4875 0.625 0.4859375 0.622222221875 0.46770833281249996 0.6231481484375 0.45625 0.6416666671875 0.45520833281249995 0.646296296875 0.4609375 0.6629629625 0.4583333328125 0.6731481484375 0.45885416718750005 0.6805555562500001 0.46770833281249996 0.6990740734374999 0.478125 0.703703703125
0 0.5229166671875001 0.718827778125 0.5223958328125 0.7058648140625 0.5197916671875 0.7021611109375 0.49635416718750003 0.69660555625 0.48854166718750003 0.69660555625 0.49114583281249996 0.710396296875 0.49600677031249996 0.7110129625 0.5005208328124999 0.7114203703124999 0.5125 0.7206796296875 0.5197916671875 0.72253148125 0.5229166671875001 0.718827778125
0 0.7979166671875 0.922222221875 0.7875 0.9351851859375 0.7822916671875 0.946296296875 0.7817708328124999 0.9509259265625 0.7864583328125 0.9574074078124999 0.8026041671874999 0.953703703125 0.8067708328125001 0.9425925921875 0.809375 0.91944444375 0.7979166671875 0.922222221875
0 0.9770833328125 0.9305555562500001 0.9703125 0.91851851875 0.9666666671874999 0.921296296875 0.9619791671875 0.915740740625 0.9625 0.9111111109375001 0.9598958328125 0.9074074078125 0.9515625 0.9 0.9411458328125001 0.9074074078125 0.9390625 0.9203703703125001 0.9416666671874999 0.9296296296875 0.9484375 0.9388888890624999 0.9619791671875 0.9481481484375 0.9739583328125001 0.946296296875 0.9770833328125 0.9305555562500001
0 0.9166666671874999 0.8351851859374999 0.915625 0.8259259265625 0.9119791671874999 0.8222222218749999 0.8994791671875 0.825 0.8869791671874999 0.8361111109375001 0.8802083328125001 0.8490740734375001 0.8796875 0.8574074078124999 0.8838541671875 0.8638888890624999 0.8927083328125001 0.8648148140625 0.8994791671875 0.85648148125 0.9114583328125001 0.853703703125 0.9166666671874999 0.8351851859374999
0 0.5171875 0.640740740625 0.509375 0.6425925921875 0.5057291671875 0.6361111109375 0.49895833281249996 0.6555555562500001 0.49791666718750005 0.665740740625 0.4994791671875 0.66851851875 0.5135416671875 0.6703703703125 0.5166666671875 0.66851851875 0.51875 0.6620370375 0.5171875 0.640740740625
0 0.5828125 0.43981481406249995 0.5755208328125 0.4361111109375 0.5729166671875 0.44259259218749997 0.5739583328125 0.4675925921875 0.5796875 0.47407407343749997 0.5848958328125 0.4731481484375 0.5864583328124999 0.4703703703125 0.5854166671875001 0.44907407343749994 0.5828125 0.43981481406249995
0 0.45989583281249996 0.5166666671875 0.45885416718750005 0.5018518515625 0.4515625 0.490740740625 0.4427083328125 0.490740740625 0.4348958328125 0.497222221875 0.43541666718750005 0.50648148125 0.4390625 0.5083333328124999 0.4458333328125 0.5287037031249999 0.45520833281249995 0.5287037031249999 0.45677083281249997 0.5203703703125 0.45989583281249996 0.5166666671875
0 0.41614583281249995 0.49444444374999996 0.4114583328125 0.4990740734375 0.4088541671875 0.5129629625 0.4114583328125 0.5166666671875 0.4192708328125 0.515740740625 0.43125 0.50555555625 0.4296875 0.4916666671875 0.41614583281249995 0.49444444374999996