0 0.28177083281250004 0.521296296875 0.28125 0.5083333328124999 0.278125 0.5009259265625 0.2671875 0.497222221875 0.2671875 0.47407407343749997 0.2765625 0.46666666718750005 0.278125 0.4601851859375 0.278125 0.4509259265625 0.275 0.44444444375 0.265625 0.44259259218749997 0.2359375 0.45185185156249996 0.2234375 0.46481481406249997 0.2192708328125 0.47407407343749997 0.2192708328125 0.48425925937500003 0.23072916718749997 0.5166666671875 0.2453125 0.5388888890625 0.26875 0.5370370375 0.2765625 0.5305555562500001 0.28177083281250004 0.521296296875
0 0.3296875 0.6611111109375 0.3328125 0.6509259265625 0.3427083328125 0.6370370375000001 0.3458333328125 0.6379629625 0.340625 0.63055555625 0.3328125 0.603703703125 0.3260416671875 0.5981481484375 0.3171875 0.597222221875 0.31197916718749996 0.603703703125 0.3104166671875 0.6296296296875 0.2989583328125 0.6379629625 0.2932291671875 0.6490740734375 0.2927083328125 0.6574074078125001 0.29635416718749996 0.6675925921875 0.3015625 0.6731481484375 0.3083333328125 0.6740740734374999 0.3239583328125 0.6601851859375001 0.3296875 0.6611111109375
0 0.2744791671875 0.5675925921875 0.2677083328125 0.5611111109375 0.2630208328125 0.5620370375 0.259375 0.5675925921875 0.2588541671875 0.58055555625 0.2625 0.5888888890625 0.2666666671875 0.5925925921874999 0.2755208328125 0.590740740625 0.2770833328125 0.578703703125 0.2744791671875 0.5675925921875
0 0.3671875 0.7787037031249999 0.3625 0.775 0.353125 0.775 0.3416666671875 0.7824074078125001 0.340625 0.7861111109375 0.3416666671875 0.80648148125 0.3447916671875 0.8111111109375001 0.3526041671875 0.8138888890624999 0.3651041671875 0.7990740734374999 0.3703125 0.7879629625 0.3671875 0.7787037031249999
0 0.4609375 0.40833333281249995 0.45 0.3888888890625 0.434375 0.3888888890625 0.4270833328125 0.397222221875 0.42760416718750005 0.4129629625 0.43958333281249995 0.43518518593750005 0.4635416671875 0.43518518593750005 0.47083333281249995 0.4203703703125 0.46875 0.4138888890625 0.4609375 0.40833333281249995
0 0.5098958328125 0.46481481406249997 0.5015625 0.4175925921875 0.49010416718750005 0.4138888890625 0.48020833281249997 0.4175925921875 0.4765625 0.425 0.4734375 0.44907407343749994 0.4734375 0.465740740625 0.4859375 0.478703703125 0.4984375 0.4824074078125 0.5104166671875 0.4768518515625 0.5151041671875001 0.4703703703125 0.5098958328125 0.46481481406249997
0 0.36875 0.32592592656249997 0.36875 0.2731481484375 0.3614583328125 0.26574074062499997 0.3489583328125 0.26203703749999996 0.3390625 0.2666666671875 0.3348958328125 0.2759259265625 0.33645833281250004 0.3018518515625 0.3348958328125 0.3296296296875 0.3479166671875 0.3453703703125 0.3583333328125 0.3453703703125 0.3651041671875 0.340740740625 0.36875 0.32592592656249997
0 0.3260416671875 0.703703703125 0.3296875 0.7268518515625 0.3338541671875 0.722222221875 0.3536458328125 0.7240740734375 0.353125 0.7166666671875 0.34322916718749996 0.703703703125 0.3260416671875 0.703703703125
0 0.3921875 0.2546296296875 0.39010416718749996 0.2509259265625 0.38125 0.246296296875 0.3729166671875 0.2518518515625 0.3703125 0.2601851859375 0.3708333328125 0.28611111093749997 0.3729166671875 0.2916666671875 0.3854166671875 0.28148148125 0.39114583281250004 0.272222221875 0.3927083328125 0.2648148140625 0.3921875 0.2546296296875
0 0.47760416718750004 0.3620370375 0.48125 0.3509259265625 0.4796875 0.33703703749999997 0.4734375 0.3296296296875 0.4484375 0.3240740734375 0.44166666718750003 0.3324074078125 0.440625 0.34351851875 0.4421875 0.353703703125 0.44427083281249996 0.3611111109375 0.45104166718750005 0.36759259218749996 0.47083333281249995 0.36759259218749996 0.47760416718750004 0.3620370375
0 0.3302083328125 0.302777778125 0.3192708328125 0.30648148124999997 0.3151041671875 0.31759259218749997 0.3151041671875 0.32685185156249996 0.321875 0.3398148140625 0.3296875 0.33888888906250003 0.3348958328125 0.32685185156249996 0.3348958328125 0.3138888890625 0.3302083328125 0.302777778125
0 0.3453125 0.377777778125 0.3338541671875 0.3759259265625 0.3270833328125 0.3851851859375 0.3260416671875 0.4 0.3322916671875 0.41111111093749997 0.3395833328125 0.4129629625 0.346875 0.40648148125 0.3484375 0.3879629625 0.3453125 0.377777778125