0 0.3369796875 0.6379625 0.3255203125 0.6324078125 0.31875 0.6425921875 0.3192703125 0.6731484375 0.3223953125 0.6833328125 0.3302078125 0.6916671875 0.346875 0.6879625 0.3463546875 0.66944375 0.3369796875 0.6379625
0 0.3328125 0.7666671875 0.3369796875 0.7629625 0.3380203125 0.7546296875 0.3354171875 0.7453703125 0.3348953125 0.715740625 0.3421875 0.709259375 0.3411453125 0.696296875 0.3260421875 0.6898140625 0.3182296875 0.690740625 0.3026046875 0.7166671874999999 0.303125 0.7268515625 0.3098953125 0.7398140625 0.3130203125 0.7546296875 0.3171875 0.7629625 0.3234375 0.7666671875 0.3328125 0.7666671875
0 0.3546875 0.7898140625 0.3427078125 0.7861109374999999 0.3395828125 0.7916671875 0.3338546875 0.821296875 0.3416671875 0.8453703125 0.353125 0.8398140625 0.3666671875 0.822221875 0.3677078125 0.8175921875000001 0.3546875 0.7898140625
0 0.2786453125 0.6111109375 0.2744796875 0.596296875 0.2661453125 0.5925921875 0.2604171875 0.602778125 0.2598953125 0.615740625 0.2635421875 0.6240734375 0.2708328125 0.6305562499999999 0.2755203125 0.6305562499999999 0.278125 0.6259265625 0.2786453125 0.6111109375
0 0.4739578125 0.4231484375 0.46458281250000005 0.40833281250000003 0.4635421875 0.40277812500000004 0.45260468749999994 0.3916671875 0.43645781250000004 0.3916671875 0.428125 0.40462968750000006 0.43020781250000006 0.4231484375 0.43697968749999994 0.43888906250000004 0.4427078125 0.44444375 0.4703125 0.44907343749999995 0.4765625 0.440740625 0.4739578125 0.4231484375
0 0.5078125 0.4768515625 0.5057296874999999 0.44351874999999996 0.5015625 0.43148125000000004 0.49427031250000003 0.427778125 0.49010468749999997 0.43148125000000004 0.484375 0.4425921875 0.48385468749999994 0.453703125 0.484375 0.47777812500000005 0.49635468749999995 0.5027781250000001 0.5057296874999999 0.5111109375 0.5140625 0.5046296875 0.5161453125000001 0.49166718749999994 0.5078125 0.4768515625
0 0.3744796875 0.31759218749999996 0.3708328125 0.3101859375 0.3494796875 0.3120375 0.3463546875 0.321296875 0.3416671875 0.322221875 0.3411453125 0.3333328125 0.3447921875 0.34444375 0.3546875 0.34907343750000003 0.3682296875 0.3425921875 0.3723953125 0.33425937499999997 0.3744796875 0.31759218749999996
0 0.3171875 0.3740734375 0.309375 0.37222187500000004 0.3041671875 0.37870312500000003 0.3026046875 0.39259218749999997 0.3057296875 0.4009265625 0.3145828125 0.40462968750000006 0.3203125 0.4 0.3213546875 0.38148125 0.3171875 0.3740734375
0 0.3546875 0.397221875 0.3453125 0.39259218749999997 0.3364578125 0.4018515625 0.334375 0.4166671875 0.3385421875 0.427778125 0.3489578125 0.4324078125 0.3552078125 0.4268515625 0.3583328125 0.409259375 0.3546875 0.397221875
0 0.4875 0.3731484375 0.48645781250000003 0.3546296875 0.478125 0.3453703125 0.45885468749999997 0.3425921875 0.45416718749999996 0.346296875 0.45208281250000004 0.353703125 0.453125 0.37129687499999997 0.46197968749999996 0.3861109375 0.47760468749999996 0.3861109375 0.48489531250000006 0.38055625000000004 0.4875 0.3731484375
0 0.3703125 0.278703125 0.3598953125 0.2731484375 0.3489578125 0.2740734375 0.3416671875 0.2861109375 0.34375 0.30740781250000004 0.3505203125 0.3148140625 0.3677078125 0.3129625 0.3734375 0.3018515625 0.3744796875 0.29444375 0.3703125 0.278703125
0 0.3317703125 0.29907343750000004 0.3296875 0.29351875 0.3239578125 0.29444375 0.3182296875 0.31944374999999997 0.3182296875 0.33148125 0.325 0.3453703125 0.3322921875 0.3425921875 0.3364578125 0.325 0.3322921875 0.3129625 0.3317703125 0.29907343750000004
0 0.3958328125 0.2638890625 0.3916671875 0.25555625000000004 0.3802078125 0.25648125 0.3744796875 0.2666671875 0.3739578125 0.278703125 0.3786453125 0.2925921875 0.3828125 0.296296875 0.390625 0.2925921875 0.3958328125 0.278703125 0.3958328125 0.2638890625
0 0.2265625 0.5234375 0.23125 0.5453125 0.2546875 0.5734375 0.2640625 0.5734375 0.28125 0.55625 0.2875 0.53125 0.303125 0.53125 0.3078125 0.5265625 0.30625 0.5140625 0.2921875 0.4890625 0.265625 0.4609375 0.25625 0.4609375 0.228125 0.4671875 0.209375 0.4859375 0.209375 0.5 0.2265625 0.5234375