0 0.49375 0.44351851875000003 0.49583333281249997 0.40833333281249995 0.4921875 0.3990740734375 0.48229166718750005 0.3916666671875 0.45729166718750003 0.38703703749999996 0.44895833281249997 0.3916666671875 0.4458333328125 0.4 0.446875 0.4138888890625 0.4557291671875 0.4268518515625 0.46979166718750004 0.4379629625 0.48020833281249997 0.43981481406249995 0.4890625 0.44629629687500005 0.49375 0.44351851875000003
0 0.2484375 0.6009259265625 0.26875 0.6083333328125 0.2744791671875 0.61944444375 0.2401041671875 0.6564814812499999 0.23958333281250002 0.665740740625 0.24375 0.6731481484375 0.2604166671875 0.6851851859375 0.2708333328125 0.6851851859375 0.2875 0.665740740625 0.29739583281250004 0.646296296875 0.2984375 0.6370370375000001 0.2958333328125 0.625 0.303125 0.5990740734375 0.3020833328125 0.5861111109375 0.2979166671875 0.575 0.2838541671875 0.5648148140625 0.28177083281250004 0.55 0.2994791671875 0.521296296875 0.2989583328125 0.509259259375 0.3026041671875 0.5018518515625 0.30416666718749996 0.48981481406249994 0.3015625 0.48518518593750004 0.2796875 0.48055555625 0.2552083328125 0.48425925937500003 0.2125 0.503703703125 0.2010416671875 0.5175925921875 0.2010416671875 0.5287037031249999 0.20625 0.5370370375 0.21770833281250002 0.54351851875 0.22395833281250002 0.5666666671875 0.234375 0.584259259375 0.2484375 0.6009259265625
0 0.3609375 0.5916666671875 0.3479166671875 0.5861111109375 0.3296875 0.5851851859375 0.3223958328125 0.5990740734375 0.3244791671875 0.6111111109375 0.3333333328125 0.6175925921875 0.3567708328125 0.6175925921875 0.3640625 0.6101851859375 0.3640625 0.6018518515625 0.3609375 0.5916666671875
0 0.27395833281250004 0.7620370375000001 0.2640625 0.7638888890625 0.2604166671875 0.7703703703125 0.2609375 0.7787037031249999 0.265625 0.7824074078125001 0.2744791671875 0.7805555562500001 0.2786458328125 0.775 0.278125 0.7666666671875 0.27395833281250004 0.7620370375000001
0 0.3494791671875 0.809259259375 0.34322916718749996 0.825 0.3427083328125 0.8379629625 0.3453125 0.8462962968750001 0.35 0.8462962968750001 0.3645833328125 0.8296296296874999 0.35625 0.8129629625 0.3494791671875 0.809259259375
0 0.496875 0.659259259375 0.5026041671875 0.6583333328125 0.51875 0.6379629625 0.521875 0.6268518515625 0.5052083328125 0.61944444375 0.4984375 0.6101851859375 0.4614583328125 0.60648148125 0.44895833281249997 0.6018518515625 0.4421875 0.602777778125 0.4296875 0.6129629624999999 0.4114583328125 0.6333333328124999 0.4078125 0.646296296875 0.41041666718750003 0.6574074078125001 0.41770833281249997 0.6648148140625 0.4546875 0.6759259265625001 0.478125 0.6777777781250001 0.496875 0.659259259375
0 0.4604166671875 0.31944444375000003 0.4604166671875 0.3101851859375 0.4546875 0.29722222187499997 0.44375 0.290740740625 0.4348958328125 0.2953703703125 0.42864583281249996 0.30648148124999997 0.4302083328125 0.334259259375 0.434375 0.34351851875 0.4390625 0.34722222187499996 0.45 0.3453703703125 0.4583333328125 0.328703703125 0.4604166671875 0.31944444375000003
0 0.3338541671875 0.33055555625 0.3239583328125 0.3453703703125 0.3213541671875 0.353703703125 0.3223958328125 0.36851851875 0.3302083328125 0.38240740781250004 0.3385416671875 0.38333333281250004 0.3505208328125 0.3740740734375 0.3463541671875 0.3416666671875 0.3338541671875 0.33055555625
0 0.5135416671875 0.4981481484375 0.5114583328125 0.4888888890625 0.5 0.47592592656250005 0.4947916671875 0.45555555625000005 0.49114583281249996 0.4509259265625 0.4828125 0.44629629687500005 0.46510416718750003 0.44907407343749994 0.4578125 0.4601851859375 0.45885416718750005 0.497222221875 0.4713541671875 0.515740740625 0.48229166718750005 0.5203703703125 0.5020833328125 0.5166666671875 0.5114583328125 0.50555555625 0.5135416671875 0.4981481484375
0 0.3609375 0.69351851875 0.353125 0.6925925921875 0.3479166671875 0.696296296875 0.3416666671875 0.709259259375 0.3411458328125 0.7175925921874999 0.34427083281250004 0.7231481484375 0.3552083328125 0.7259259265625 0.3640625 0.7203703703125 0.3651041671875 0.7046296296875 0.3609375 0.69351851875
0 0.6505208328125 0.44259259218749997 0.6453125 0.4370370375 0.6453125 0.43148148124999997 0.6364583328125 0.41851851875 0.6276041671875 0.41111111093749997 0.5984375 0.4138888890625 0.5989583328125 0.43518518593750005 0.625 0.48425925937500003 0.6302083328125 0.48981481406249994 0.634375 0.48981481406249994 0.6505208328125 0.4509259265625 0.6505208328125 0.44259259218749997
0 0.49791666718750005 0.3240740734375 0.4890625 0.32592592656249997 0.4828125 0.33148148125 0.4791666671875 0.340740740625 0.4796875 0.35648148125 0.4859375 0.365740740625 0.49375 0.36851851875 0.4973958328125 0.3620370375 0.5015625 0.328703703125 0.49791666718750005 0.3240740734375