0 0.4869791671875 0.6990740734374999 0.5020833328125 0.6916666671875 0.525 0.6703703703125 0.5276041671875 0.65 0.5255208328125 0.6388888890625 0.5213541671875 0.6333333328124999 0.46666666718750005 0.6333333328124999 0.4390625 0.646296296875 0.4322916671875 0.6555555562500001 0.421875 0.6583333328125 0.4203125 0.6638888890625 0.4213541671875 0.6703703703125 0.4192708328125 0.6731481484375 0.4192708328125 0.6805555562500001 0.43333333281249997 0.6944444437499999 0.4479166671875 0.6981481484375001 0.4869791671875 0.6990740734374999
0 0.6494791671875 0.4601851859375 0.6229166671875 0.447222221875 0.6072916671875 0.447222221875 0.5947916671875 0.4574074078125 0.5953125 0.47407407343749997 0.6265625 0.527777778125 0.634375 0.522222221875 0.6515625 0.4824074078125 0.6520833328125 0.465740740625 0.6494791671875 0.4601851859375
0 0.22135416718749998 0.61944444375 0.23072916718749997 0.6296296296875 0.2578125 0.64444444375 0.25833333281250004 0.6518518515625 0.246875 0.6648148140625 0.2359375 0.690740740625 0.2338541671875 0.702777778125 0.2359375 0.7129629625 0.25625 0.7120370375 0.2708333328125 0.7 0.2786458328125 0.6870370375 0.2833333328125 0.6898148140625 0.28072916718749996 0.68148148125 0.29635416718749996 0.63055555625 0.2958333328125 0.622222221875 0.2833333328125 0.6046296296875 0.28854166718749996 0.5935185187500001 0.2989583328125 0.584259259375 0.3057291671875 0.5675925921875 0.30416666718749996 0.5611111109375 0.30625 0.5518518515624999 0.3026041671875 0.540740740625 0.2984375 0.534259259375 0.278125 0.527777778125 0.2604166671875 0.5268518515625 0.2046875 0.534259259375 0.1942708328125 0.5490740734374999 0.19375 0.5638888890625 0.1979166671875 0.5703703703125 0.20989583281250002 0.5759259265625001 0.21614583281250002 0.5981481484375 0.2171875 0.6101851859375 0.22135416718749998 0.61944444375
0 0.2666666671875 0.759259259375 0.2484375 0.7629629625 0.24479166718749998 0.76944444375 0.2442708328125 0.7759259265625 0.2494791671875 0.7833333328125 0.2609375 0.7824074078125001 0.27291666718749996 0.771296296875 0.2723958328125 0.7666666671875 0.2666666671875 0.759259259375
0 0.3739583328125 0.6416666671875 0.3703125 0.6361111109375 0.3536458328125 0.634259259375 0.3338541671875 0.6268518515625 0.3265625 0.634259259375 0.32864583281250004 0.6490740734375 0.3338541671875 0.652777778125 0.3645833328125 0.659259259375 0.3708333328125 0.6583333328125 0.37447916718749996 0.652777778125 0.3739583328125 0.6416666671875
0 0.4875 0.48518518593750004 0.48645833281249995 0.44351851875000003 0.475 0.42870370312499995 0.46510416718750003 0.4203703703125 0.4458333328125 0.4129629625 0.4359375 0.415740740625 0.4322916671875 0.42314814843750004 0.43125 0.434259259375 0.4375 0.45370370312499997 0.45 0.46944444374999994 0.4640625 0.4731481484375 0.4859375 0.4879629625 0.4875 0.48518518593750004
0 0.3395833328125 0.38148148125 0.3255208328125 0.3768518515625 0.3171875 0.39351851875 0.315625 0.409259259375 0.3234375 0.427777778125 0.3385416671875 0.43240740781250003 0.34375 0.4268518515625 0.34427083281250004 0.39444444375 0.3395833328125 0.38148148125
0 0.390625 0.3111111109375 0.3895833328125 0.296296296875 0.3854166671875 0.2898148140625 0.3604166671875 0.284259259375 0.35208333281250004 0.29814814843750004 0.3515625 0.3111111109375 0.3567708328125 0.322222221875 0.3697916671875 0.3203703703125 0.3807291671875 0.32685185156249996 0.3869791671875 0.322222221875 0.390625 0.3111111109375
0 0.48072916718750003 0.5 0.45885416718750005 0.490740740625 0.45104166718750005 0.4916666671875 0.4453125 0.4981481484375 0.4458333328125 0.5148148140625 0.4526041671875 0.5240740734375 0.4770833328125 0.5259259265625 0.48645833281249995 0.5203703703125 0.484375 0.50555555625 0.48072916718750003 0.5
0 0.4515625 0.36944444375 0.4526041671875 0.3583333328125 0.44739583281249995 0.34629629687499996 0.4375 0.3416666671875 0.42760416718750005 0.3425925921875 0.421875 0.35 0.4203125 0.35648148125 0.4213541671875 0.36759259218749996 0.4265625 0.377777778125 0.43541666718750005 0.3851851859375 0.4427083328125 0.384259259375 0.44739583281249995 0.3796296296875 0.4515625 0.36944444375
0 0.49427083281249995 0.38055555625 0.4927083328125 0.36759259218749996 0.4791666671875 0.3638888890625 0.47291666718750003 0.36851851875 0.46770833281249996 0.377777778125 0.46770833281249996 0.39074074062499997 0.4739583328125 0.403703703125 0.48229166718750005 0.41203703750000004 0.48645833281249995 0.41203703750000004 0.49010416718750005 0.4074074078125 0.49427083281249995 0.38055555625