0 0.44315625000000003 0.4761265625 0.442115625 0.4844609375 0.44367812500000003 0.4890890625 0.457740625 0.5002015625 0.47440625000000003 0.5002015625 0.48794843749999994 0.4946453125 0.48951093749999997 0.4853859375 0.48794843749999994 0.445571875 0.48221875000000003 0.43075625000000006 0.471803125 0.421496875 0.463990625 0.408534375 0.44471875 0.39279375 0.434303125 0.39371875 0.42805312500000003 0.40575625000000004 0.42753125000000003 0.4140890625 0.43378125 0.42705312500000003 0.43534375000000003 0.4372375 0.44888593749999994 0.4603859375 0.44940625 0.46501562500000004 0.44315625000000003 0.4761265625
0 0.2401046875 0.6092593749999999 0.2541671875 0.6175921875 0.2536453125 0.6240734375 0.2265625 0.653703125 0.2192703125 0.672221875 0.2203125 0.6796296875000001 0.2276046875 0.6888890625 0.2479171875 0.6888890625 0.2625 0.684259375 0.2755203125 0.6685187499999999 0.2796875 0.6509265625 0.275 0.634259375 0.2890625 0.6129625 0.2927078125 0.5990734375 0.2901046875 0.5833328125 0.2802078125 0.571296875 0.2776046875 0.5601859375 0.2828125 0.5518515625 0.2864578125 0.5379625 0.2911453125 0.5370375000000001 0.290625 0.5324078125 0.284375 0.528703125 0.2854171875 0.525 0.2833328125 0.5185187499999999 0.2786453125 0.5138890625 0.2604171875 0.5083328125000001 0.2145828125 0.5055562499999999 0.2010421875 0.5129625 0.1942703125 0.528703125 0.1942703125 0.5370375000000001 0.1979171875 0.54444375 0.2135421875 0.5574078124999999 0.2177078125 0.5824078125 0.2208328125 0.5888890625000001 0.2401046875 0.6092593749999999
0 0.3401046875 0.434259375 0.3432296875 0.427778125 0.3447921875 0.4101859375 0.34375 0.396296875 0.3401046875 0.3833328125 0.3260421875 0.3833328125 0.3135421875 0.4009265625 0.3130203125 0.41481406249999997 0.3203125 0.428703125 0.3234375 0.44166718749999995 0.3338546875 0.447221875 0.3416671875 0.43888906250000004 0.3401046875 0.434259375
0 0.45104218749999997 0.3518515625 0.43854218749999996 0.3425921875 0.43020781250000006 0.34351875 0.4234375 0.3546296875 0.4270828125 0.3703703125 0.4348953125 0.3768515625 0.4505203125 0.3759265625 0.45364531250000006 0.3648140625 0.45364531250000006 0.35740781250000003 0.45104218749999997 0.3518515625
0 0.4875 0.3601859375 0.46927031250000006 0.3546296875 0.4609375 0.36296249999999997 0.45989531250000004 0.3768515625 0.46458281250000005 0.3898140625 0.4859375 0.4009265625 0.4890625 0.3981484375 0.49166718749999994 0.36944374999999996 0.4875 0.3601859375
0 0.521875 0.659259375 0.5291671874999999 0.646296875 0.5296875 0.6370375 0.5255203125000001 0.6277781250000001 0.5208328125 0.6259265625 0.5171875 0.628703125 0.5130203125 0.6240734375 0.5036453125 0.628703125 0.49583281250000005 0.6268515625 0.48072968749999995 0.63148125 0.4713546875 0.6379625 0.4671875 0.6453703125 0.4625 0.6620375000000001 0.46822968749999994 0.6731484375 0.47708281250000006 0.677778125 0.496875 0.675 0.5015625 0.677778125 0.521875 0.659259375
0 0.6348953125000001 0.49074062500000004 0.6192703125000001 0.49074062500000004 0.61875 0.497221875 0.6223953125 0.5055562499999999 0.6302078125 0.5129625 0.634375 0.5101859375 0.6364578125 0.5009265625 0.6348953125000001 0.49074062500000004
0 0.3807296875 0.3231484375 0.3848953125 0.32037031250000003 0.3895828125 0.3101859375 0.3890625 0.29444375 0.384375 0.2870375 0.3734375 0.284259375 0.365625 0.277778125 0.3557296875 0.278703125 0.3494796875 0.2861109375 0.3479171875 0.30555625000000003 0.3411453125 0.31388906250000004 0.3442703125 0.32037031250000003 0.3552078125 0.3240734375 0.3651046875 0.32037031250000003 0.3807296875 0.3231484375
0 0.3651046875 0.4111109375 0.3567703125 0.409259375 0.3520828125 0.41944375 0.3520828125 0.43148125000000004 0.3572921875 0.44351874999999996 0.3614578125 0.44351874999999996 0.3682296875 0.4370375 0.36875 0.41944375 0.3651046875 0.4111109375
0 0.49375 0.4509265625 0.49010468749999997 0.46018593750000003 0.49114531250000004 0.4824078125 0.49791718749999997 0.4851859375 0.5010421875 0.4740734375 0.5005203125000001 0.46851875 0.4947921875 0.4583328125 0.49375 0.4509265625
0 0.3890625 0.78125 0.3671875 0.80625 0.359375 0.8078125 0.346875 0.8 0.340625 0.8046875 0.334375 0.8171875 0.334375 0.8421875 0.3421875 0.8859375 0.35625 0.875 0.3671875 0.853125 0.4390625 0.7625 0.4390625 0.7546875 0.4328125 0.7546875 0.43125 0.7546875 0.425 0.7609375 0.4171875 0.759375 0.3921875 0.7703125 0.3890625 0.78125