0 0.965625 0.3541671875 0.9625 0.3458328125 0.9453125 0.3416671875 0.75234375 0.3263890625 0.63671875 0.3333328125 0.6 0.34305625 0.603125 0.35694375 0.6546875 0.35694375 0.7828125 0.37638906250000004 0.8734375 0.37638906250000004 0.9546875 0.3638890625 0.965625 0.3541671875
0 0.15 0.259721875 0.10703125 0.25138906250000004 0.1046875 0.25555625000000004 0.109375 0.2638890625 0.15 0.2791671875 0.15859375 0.2763890625 0.1578125 0.26944375 0.15 0.259721875
0 0 0.23888906250000003 0.0171875 0.25 0.09296875 0.25555625000000004 0.0875 0.247221875 0.0015625 0.23194374999999998 0 0.23888906250000003
0 0.10625 0.3291671875 0.103125 0.3236109375 0.08828125 0.30972187500000004 0.07421875 0.30972187500000004 0.07421875 0.3208328125 0.06015625 0.33194375 0.06171875 0.3375 0.10703125 0.352778125 0.10390625 0.3361109375 0.10625 0.3291671875
0 0.1515625 0.41944375 0.1578125 0.41944375 0.16015625 0.4375 0.15703125 0.45 0.16015625 0.45277812500000003 0.159375 0.45972187499999995 0.14765625 0.47083281250000003 0.18828125 0.50694375 0.19765625 0.5333328125000001 0.1984375 0.54305625 0.19453125 0.5513890625 0.196875 0.5569437500000001 0.2140625 0.5597218749999999 0.2125 0.5416671875 0.20078125 0.5013890625 0.1796875 0.4791671875 0.17734375 0.447221875 0.1734375 0.44444375 0.1703125 0.4236109375 0.17109375 0.4125 0.13984375 0.3708328125 0.10703125 0.3513890625 0.1171875 0.3638890625 0.1203125 0.3958328125 0.12890625 0.397221875 0.13671875 0.40555624999999995 0.14296875 0.40277812500000004 0.1515625 0.41944375
0 0.22890625 0.5875 0.2359375 0.5833328125 0.23671875 0.5708328125000001 0.228125 0.5625 0.221875 0.575 0.20078125 0.59305625 0.19609375 0.615278125 0.190625 0.6222218749999999 0.196875 0.6333328125000001 0.21015625 0.6263890625 0.22734375 0.597221875 0.22890625 0.5875
0 0.2046875 0.6930562499999999 0.1953125 0.6708328125 0.18515625 0.6583328125000001 0.18984375 0.640278125 0.1765625 0.634721875 0.134375 0.65 0.13359375 0.6541671874999999 0.13984375 0.6625 0.16328125 0.6708328125 0.16875 0.6888890625 0.196875 0.7 0.2046875 0.6930562499999999
0 0.19375 0.790278125 0.1953125 0.81805625 0.19296875 0.8333328124999999 0.1875 0.8361109375 0.18515625 0.8305562500000001 0.18046875 0.8333328124999999 0.1796875 0.840278125 0.18515625 0.8458328125 0.19140625 0.8444437499999999 0.2078125 0.8611109375 0.23203125 0.8708328125 0.24765625 0.8861109375 0.24375 0.8611109375 0.2234375 0.8458328125 0.22578125 0.784721875 0.2359375 0.7555562499999999 0.23125 0.715278125 0.215625 0.697221875 0.20078125 0.6902781250000001 0.19609375 0.6930562499999999 0.2046875 0.7013890625 0.20625 0.71805625 0.203125 0.73055625 0.21015625 0.7527781250000001 0.19765625 0.7666671875 0.19375 0.790278125
0 0.321875 0.9984375 0.31171875 0.959721875 0.29296875 0.9291671875 0.28046875 0.8958328124999999 0.26171875 0.8708328125 0.24765625 0.8625 0.24453125 0.865278125 0.24375 0.875 0.259375 0.922221875 0.27734375 0.9444437499999999 0.28515625 0.9611109375 0.2921875 0.9984375 0.321875 0.9984375
0 0.409375 0.4166671875 0.41640625 0.45277812500000003 0.43203125 0.4763890625 0.4609375 0.5027781250000001 0.51875 0.5416671875 0.53671875 0.5486109375 0.659375 0.6208328125 0.7109375 0.665278125 0.81015625 0.7263890625 0.8421875 0.7527781250000001 0.87421875 0.772221875 0.8921875 0.790278125 0.9265625 0.8097218749999999 0.98671875 0.85555625 0.9984375 0.8611109375 0.9984375 0.6888890625 0.90859375 0.634721875 0.8734375 0.60694375 0.81796875 0.572221875 0.80703125 0.5569437500000001 0.80546875 0.54305625 0.8143375 0.518234375 0.7977937500000001 0.5139437499999999 0.7910546875 0.5010734375 0.751225 0.4973953125 0.7530640625 0.4777828125 0.710784375 0.46981406249999996 0.63671875 0.4375 0.609375 0.41805624999999996 0.57109375 0.40833281250000003 0.55546875 0.3958328125 0.50546875 0.3791671875 0.48046875 0.3583328125 0.4703125 0.33055625 0.45 0.3166671875 0.40625 0.302778125 0.3203125 0.2958328125 0.29765625 0.3041671875 0.365625 0.33055625 0.3335078125 0.33745625 0.3710078125 0.3930265625 0.4125 0.39305625 0.409375 0.4166671875
0 0.2828125 0.2078125 0.265625 0.203125 0.25546875 0.203125 0.24375 0.2046875 0.2515625 0.215625 0.284375 0.215625 0.2828125 0.2078125
0 0.134375 0.221875 0.12421875 0.221875 0.10625 0.2234375 0.1046875 0.228125 0.13125 0.23125 0.134375 0.221875