0 0.7142070765625 0.191195378125 0.711978321875 0.1774642359375 0.6878922453125 0.179995784375 0.6820609390625 0.19178099375 0.6858947125 0.19836074374999998 0.7076498796874999 0.1960741828125 0.7142070765625 0.191195378125
0 0.3841426484375 0.3543681609375 0.34660879843750003 0.3485373515625 0.2308913125 0.353717053125 0.040576628125 0.389081865625 0.02391881875 0.3950222875 0.0216820078125 0.40363662343750006 0.033575840625 0.41216230625000005 0.11568735000000001 0.4161008921875 0.205815896875 0.406628 0.3312065171875 0.37389736406249996 0.3824865515625 0.3685076140625 0.3841426484375 0.3543681609375
0 0.8373017515625 0.196412615625 0.8522093640625 0.1962423015625 0.8626514125 0.19095518125 0.862702490625 0.183967115625 0.8520211640625 0.1795036125 0.8341508484375 0.1813818578125 0.8328361875000001 0.191295809375 0.8373017515625 0.196412615625
0 0.82499929375 0.243791453125 0.863804784375 0.2243509 0.8675955343749999 0.215573240625 0.8648290890625001 0.2116743875 0.8229667968750001 0.2244535265625 0.81621334375 0.2349391171875 0.8161622656249999 0.24192718281249997 0.82499929375 0.243791453125
0 0.8838178093750001 0.2054889734375 0.8792500875 0.21434829687499998 0.9540354875 0.200901878125 0.9699674046875 0.1880550515625 0.9676875718750001 0.18131197500000001 0.8838178093750001 0.2054889734375
0 0.8762632171875 0.283092653125 0.87373605 0.288944428125 0.876792853125 0.295605840625 0.8754271140625001 0.3125078578125 0.9188944234375 0.2925773265625 0.9198676515624999 0.28688887812499997 0.9047207593750001 0.2773085671875 0.90355933125 0.2662583234375 0.8895738671875 0.2677282546875 0.8762632171875 0.283092653125
0 0.8091669625 0.5191771968750001 0.804411040625 0.511297828125 0.8041717609375001 0.5015472015625 0.8107370140624999 0.47432291875 0.8473648265625 0.434163159375 0.834548846875 0.424337859375 0.8330459843750001 0.417513121875 0.8358635078125 0.41442390937500007 0.831449021875 0.40231903593749996 0.8318926125000001 0.3841174015625 0.838108375 0.3834640984375 0.84491290625 0.36599044375 0.851419025 0.3680997015625 0.85831765625 0.35899539062499997 0.86671915 0.3567158171875 0.866487928125 0.3246197171875 0.875281934375 0.3111265765625 0.8446816828125 0.33389434218749997 0.8179582265625 0.37859926875 0.8198966234375 0.38956785 0.8189664203125 0.41061370625000004 0.815371925 0.4137845828125 0.81638011875 0.4457990203125 0.7977247765625 0.47010440468750003 0.790280396875 0.5113864796875001 0.7906137765625 0.52950645 0.8074167640625 0.52494730625 0.8091669625 0.5191771968750001
0 0.807306553125 0.5612689125 0.7844410374999999 0.5455171640625001 0.77691866875 0.5337389421875 0.7692430671875 0.542924915625 0.7713266437499999 0.5552747765625 0.7787549109375 0.558683653125 0.7813251 0.5681892890625 0.8014671921875 0.5953995953125 0.8154015781249999 0.600917728125 0.8204559124999999 0.5892141828125 0.814291228125 0.582879421875 0.807306553125 0.5612689125
0 0.8793013375 0.6109600656249999 0.8357479828125 0.6001757750000001 0.8231202015625 0.6070891656249999 0.8296693421875 0.6245558328125 0.8208753359375001 0.6380489734375 0.8138745484375001 0.6611294156249999 0.8223701421875 0.6672191890625 0.84917964375 0.6532290828125 0.852731115625 0.634700796875 0.8751691515625 0.6239632281249999 0.88051384375 0.61502224375 0.8793013375 0.6109600656249999
0 0.8429074890624999 0.8103007109375 0.8492684296874999 0.8110286875 0.8541265078125001 0.804931928125 0.8526236453125 0.7981071875 0.8476714671875 0.7958346046875 0.8459212703125001 0.8016047140625 0.8401921218749999 0.79941379375 0.8362642484375 0.7844646984375 0.8349146203125001 0.7566757640625 0.8285617359374999 0.7336023109375 0.8146784281249999 0.7210961124999999 0.81934830625 0.6982606609374999 0.8149338187499999 0.6861557890625 0.81474561875 0.6694170984375 0.8224212203124999 0.6602311249999999 0.8174690421875 0.6579585406249999 0.8034325000000001 0.6664165359374999 0.7897804140625 0.6860064390625 0.7893287671875 0.7265535484375001 0.8024781265625001 0.75449881875 0.8111968890625001 0.8150301687500001 0.7925926249999999 0.8323474875000001 0.7913209859375 0.85761885 0.8052634281250001 0.8407915078125001 0.82833325625 0.8285909968749999 0.8429074890624999 0.8103007109375
0 0.794044409375 0.8461602921875 0.7922511906249999 0.8365729921874999 0.7888529531249999 0.8341370828124999 0.7757385593749999 0.8438946968750001 0.759704484375 0.8707176515624999 0.7507572437500001 0.9051749890625 0.7353038828125 0.937523065625 0.729268265625 0.9772605343749999 0.7587931343750001 0.9741573453125 0.76186605 0.9361278093750001 0.7678936109375 0.918735815625 0.7834410703125 0.8947570828125 0.794044409375 0.8461602921875
0 0.33855148281249997 0.47367620468749994 0.3142691484375 0.48181453906250005 0.2796388671875 0.5036093390625 0.2566120609375 0.5311672609375 0.2074156015625 0.5489068703125 0.1970676546875 0.5625633375 0.20070517031250001 0.574749871875 0.2006030140625 0.5887260015625 0.19132239374999999 0.605063365625 0.13978696875000002 0.6453934390625 0.10772687656249999 0.6766938765625 0.023260287499999997 0.7400367046875 0.0412624125 0.911315475 0.053113221875000005 0.9044837484375 0.10814904218750002 0.8526134531249999 0.140303234375 0.8296823625 0.1562862296875 0.8098474703124999 0.1861095109375 0.78716136875 0.2152069015625 0.7575688625 0.3074942703125 0.6864213421875001 0.3541285953125 0.63683061875 0.46856364375000004 0.5521829687500001 0.4857080671875 0.543398321875 0.53913886875 0.49867941875 0.5651283765625 0.4694135640625 0.5781997484375 0.444298540625 0.5814178421875 0.407650284375 0.575841928125 0.38449516875 0.6171045453125 0.380128965625 0.6485905265625 0.3209441171875 0.6159271125 0.317437778125 0.6807651328125 0.28408878125000003 0.657361925 0.2781693203125 0.5726210921875 0.2940586390625 0.53056254375 0.31244456249999997 0.5118131015625 0.32838060156250004 0.50461605625 0.35706782656249997 0.4819306859375 0.3804002453125 0.43394673125 0.40220203125 0.4197139328125 0.41626681249999997 0.382658640625 0.42993725781250003 0.35749718124999996 0.4521333828125 0.3439472515625 0.45774715625000006 0.33855148281249997 0.47367620468749994