0 0.2015625 0.275 0.159375 0.2708328125 0.1578125 0.2791671875 0.16640625 0.2861109375 0.2015625 0.290278125 0.21640625 0.2833328125 0.2140625 0.277778125 0.2015625 0.275
0 0.7359375 0.3583328125 0.72421875 0.359721875 0.7109375 0.3708328125 0.709375 0.38055625000000004 0.71484375 0.3875 0.73046875 0.390278125 0.74921875 0.384721875 0.75234375 0.37222187500000004 0.7359375 0.3583328125
0 0.78359375 0.3458328125 0.76875 0.334721875 0.76171875 0.347221875 0.76328125 0.37638906250000004 0.775 0.38194374999999997 0.78828125 0.37638906250000004 0.784375 0.37222187500000004 0.7875 0.352778125 0.78359375 0.3458328125
0 0.9984375 0.38194374999999997 0.9984375 0.36944374999999996 0.95625 0.3486109375 0.8546875 0.34444375 0.83671875 0.3388890625 0.81953125 0.35555625 0.8203125 0.3638890625 0.8109375 0.37777812499999996 0.81171875 0.38194374999999997 0.89140625 0.3888890625 0.97109375 0.3888890625 0.9984375 0.38194374999999997
0 0.134375 0.25555625000000004 0.1265625 0.2611109375 0.1234375 0.25138906250000004 0.0890625 0.2541671875 0.08984375 0.2611109375 0.11015625 0.2736109375 0.13203125 0.2791671875 0.1453125 0.2763890625 0.1421875 0.265278125 0.134375 0.25555625000000004
0 0.0828125 0.31111093749999996 0.08359375 0.31527812499999996 0.1125 0.31527812499999996 0.1265625 0.3125 0.1375 0.3013890625 0.12109375 0.3 0.0828125 0.31111093749999996
0 0.084375 0.30972187500000004 0.0796875 0.31388906250000004 0.07734375 0.3083328125 0.05859375 0.3083328125 0.05390625 0.31111093749999996 0.053125 0.322221875 0.0440109375 0.334721875 0.03671875 0.3361109375 0.0375 0.3416671875 0.04375 0.3458328125 0.08359375 0.352778125 0.08984375 0.3333328125 0.0796875 0.3208328125 0.084375 0.30972187500000004
0 0.00625 0.24027812499999998 0.0125 0.25277812499999996 0.03203125 0.259721875 0.06171875 0.2611109375 0.071875 0.25555625000000004 0.06484375 0.247221875 0.00625 0.24027812499999998
0 0.67109375 0.43194375 0.66953125 0.434721875 0.6765625 0.44166718749999995 0.68984375 0.43888906250000004 0.6859375 0.4236109375 0.67734375 0.4236109375 0.67109375 0.43194375
0 0.28203125 0.38055625000000004 0.2484375 0.4 0.2359375 0.4166671875 0.228125 0.447221875 0.234375 0.4736109375 0.24140625 0.4875 0.28984375 0.5236109375 0.37734375 0.5652781250000001 0.45234375 0.60694375 0.47421875 0.6277781250000001 0.51640625 0.65694375 0.55703125 0.6986109375 0.5734375 0.73194375 0.5890625 0.7486109375 0.60859375 0.765278125 0.6234375 0.7708328125 0.6578125 0.79444375 0.671875 0.80694375 0.6890625 0.8305562500000001 0.721875 0.852778125 0.73671875 0.8763890625 0.74453125 0.9013890625000001 0.790625 0.9555562500000001 0.81015625 0.9708328125 0.81484375 0.9861109375 0.8234375 0.9984375 0.9984375 0.9984375 0.9984375 0.8541671875000001 0.9859375 0.8361109375 0.93828125 0.7916671875 0.91171875 0.7458328125 0.90078125 0.70694375 0.8953125 0.625 0.8875 0.6083328125 0.86015625 0.59305625 0.8234375 0.58055625 0.8140625 0.5680562499999999 0.81328125 0.5569437500000001 0.809375 0.5541671874999999 0.771875 0.54305625 0.74140625 0.5291671874999999 0.72421875 0.5166671875 0.6703125 0.5111109375 0.66328125 0.5 0.6609375 0.47777812500000005 0.65703125 0.46805624999999995 0.61875 0.45694375000000004 0.5609375 0.41805624999999996 0.49140625 0.4013890625 0.45546875 0.3875 0.44375 0.37638906250000004 0.43203125 0.35694375 0.42890625 0.3458328125 0.44546562500000003 0.32823281249999997 0.4381125 0.3110703125 0.40992656250000004 0.2975875 0.37421875 0.3013890625 0.28676406249999997 0.2859421875 0.2291671875 0.29390937500000003 0.2859375 0.3083328125 0.3 0.3236109375 0.30625 0.3416671875 0.28828125 0.3638890625 0.28203125 0.38055625000000004
0 0.1234375 0.6361109375 0.10546875 0.665278125 0.09609375 0.709721875 0.08515625 0.71805625 0.08125 0.73194375 0.09375 0.7444437500000001 0.1109375 0.7527781250000001 0.115625 0.759721875 0.115625 0.76805625 0.12109375 0.7791671874999999 0.15 0.8041671875 0.15390625 0.8152781250000001 0.15234375 0.8375 0.1546875 0.85 0.15234375 0.865278125 0.14453125 0.88055625 0.1453125 0.9041671875 0.13671875 0.922221875 0.1375 0.9555562500000001 0.128125 0.9680562500000001 0.11171875 0.975 0.109375 0.9791671875000001 0.109375 0.9916671875 0.1140625 0.9984375 0.17734375 0.9984375 0.18125 0.9208328124999999 0.18515625 0.89444375 0.19609375 0.8583328124999999 0.196875 0.8152781250000001 0.1921875 0.797221875 0.171875 0.7791671874999999 0.165625 0.76805625 0.16328125 0.7472218749999999 0.17578125 0.71944375 0.1890625 0.7041671875 0.203125 0.68055625 0.215625 0.6458328125 0.21953125 0.625 0.215625 0.6125 0.2 0.59444375 0.18828125 0.547221875 0.175 0.5208328125 0.14921875 0.43194375 0.12890625 0.40694375000000005 0.11484375 0.40555624999999995 0.109375 0.3986109375 0.10390625 0.3986109375 0.09296875 0.40833281250000003 0.0875 0.427778125 0.08671875 0.5486109375 0.09296875 0.577778125 0.1125 0.6041671875 0.1234375 0.6361109375